   0.5000000000E+02  -0.3313029856E+02  -0.3329875106E+02   0.3852512769E-01   0.1299273776E+00  -0.1456608689E+02   0.1587200867E+03  -0.1231267197E+02   0.1362175639E+03  -0.3329875106E+02   0.0000000000E+00  -0.3313029856E+02   0.0000000000E+00   0.2734610538E+04   0.0000000000E+00
   0.1000000000E+03  -0.3313041783E+02  -0.3332911084E+02   0.5151918703E-01   0.1471738299E+00  -0.1452179989E+02   0.1585142973E+03  -0.1229764439E+02   0.1359419663E+03  -0.3331393095E+02   0.2304290654E-03  -0.3313035819E+02   0.3556351658E-08   0.2832184303E+04   0.0000000000E+00
   0.1500000000E+03  -0.3313038994E+02  -0.3334506325E+02   0.5211075334E-01   0.1625625521E+00  -0.1462118784E+02   0.1581666318E+03  -0.1226503318E+02   0.1356880110E+03  -0.3332430838E+02   0.3690015233E-03  -0.3313036877E+02   0.2594561010E-08   0.2975413130E+04   0.0000000000E+00
   0.2000000000E+03  -0.3313039466E+02  -0.3335631034E+02   0.5333907266E-01   0.1725765989E+00  -0.1449190784E+02   0.1580937103E+03  -0.1225762472E+02   0.1354769339E+03  -0.3333230887E+02   0.4687745745E-03  -0.3313037525E+02   0.2072283678E-08   0.3116659733E+04   0.0000000000E+00
   0.2500000000E+03  -0.3313039909E+02  -0.3335877314E+02   0.5506360035E-01   0.1733104511E+00  -0.1446712581E+02   0.1579737606E+03  -0.1224557636E+02   0.1353335924E+03  -0.3333760173E+02   0.4870768960E-03  -0.3313038002E+02   0.1748730938E-08   0.3222519618E+04   0.0000000000E+00
   0.3000000000E+03  -0.3313038503E+02  -0.3334856598E+02   0.5101683509E-01   0.1671641148E+00  -0.1446697799E+02   0.1578837480E+03  -0.1223642632E+02   0.1352564975E+03  -0.3333942910E+02   0.4225939306E-03  -0.3313038085E+02   0.1460875865E-08   0.3281883215E+04   0.0000000000E+00
   0.3500000000E+03  -0.3313039206E+02  -0.3334356498E+02   0.5459469607E-01   0.1585782195E+00  -0.1450432791E+02   0.1578306302E+03  -0.1223350997E+02   0.1352466499E+03  -0.3334001994E+02   0.3643179180E-03  -0.3313038245E+02   0.1267380867E-08   0.3301472957E+04   0.0000000000E+00
   0.4000000000E+03  -0.3313039295E+02  -0.3334029499E+02   0.5809362771E-01   0.1518084070E+00  -0.1452167144E+02   0.1578535532E+03  -0.1223286789E+02   0.1352904253E+03  -0.3334005432E+02   0.3187864522E-03  -0.3313038377E+02   0.1121634341E-08   0.3295563473E+04   0.0000000000E+00
   0.4500000000E+03  -0.3313039406E+02  -0.3333901553E+02   0.5961723677E-01   0.1490042389E+00  -0.1454343290E+02   0.1579213894E+03  -0.1223192076E+02   0.1353815823E+03  -0.3333993890E+02   0.2834723118E-03  -0.3313038491E+02   0.1007492756E-08   0.3280325508E+04   0.0000000000E+00
   0.5000000000E+03  -0.3313040164E+02  -0.3334112508E+02   0.6122137891E-01   0.1495020596E+00  -0.1453851264E+02   0.1580738210E+03  -0.1223574085E+02   0.1355257674E+03  -0.3334005752E+02   0.2552517117E-03  -0.3313038658E+02   0.9315499483E-09   0.3266168865E+04   0.0000000000E+00
   0.5500000000E+03  -0.3313039704E+02  -0.3333963389E+02   0.5695344010E-01   0.1522834035E+00  -0.1461180909E+02   0.1582017196E+03  -0.1223893670E+02   0.1357274298E+03  -0.3334001901E+02   0.2320618423E-03  -0.3313038753E+02   0.8560618880E-09   0.3258111596E+04   0.0000000000E+00
   0.6000000000E+03  -0.3313039844E+02  -0.3334001857E+02   0.5391792260E-01   0.1557021995E+00  -0.1459056367E+02   0.1584799706E+03  -0.1225880831E+02   0.1359777883E+03  -0.3334001897E+02   0.2127233552E-03  -0.3313038844E+02   0.7937615010E-09   0.3257131518E+04   0.0000000000E+00
   0.6500000000E+03  -0.3313040032E+02  -0.3334397380E+02   0.5549234671E-01   0.1580811357E+00  -0.1453670681E+02   0.1588367867E+03  -0.1228414393E+02   0.1362688497E+03  -0.3334032319E+02   0.1974706020E-03  -0.3313038936E+02   0.7423750503E-09   0.3261005593E+04   0.0000000000E+00
   0.7000000000E+03  -0.3313040989E+02  -0.3334603189E+02   0.5675371001E-01   0.1588682906E+00  -0.1453996265E+02   0.1591580746E+03  -0.1230220290E+02   0.1365856640E+03  -0.3334073095E+02   0.1855270955E-03  -0.3313039082E+02   0.7173639460E-09   0.3266549948E+04   0.0000000000E+00
   0.7500000000E+03  -0.3313039909E+02  -0.3334539580E+02   0.5513223261E-01   0.1598644702E+00  -0.1464067116E+02   0.1593923040E+03  -0.1231559271E+02   0.1369169766E+03  -0.3334104194E+02   0.1745126260E-03  -0.3313039137E+02   0.6734808267E-09   0.3272300191E+04   0.0000000000E+00
   0.8000000000E+03  -0.3313041828E+02  -0.3335396120E+02   0.6086055122E-01   0.1626823684E+00  -0.1477381404E+02   0.1596128042E+03  -0.1232692547E+02   0.1372584350E+03  -0.3334184940E+02   0.1733853012E-03  -0.3313039306E+02   0.6739355740E-09   0.3279945211E+04   0.0000000000E+00
   0.8500000000E+03  -0.3313040322E+02  -0.3335530816E+02   0.5831231569E-01   0.1665926232E+00  -0.1490919225E+02   0.1598287726E+03  -0.1233778356E+02   0.1376049764E+03  -0.3334264109E+02   0.1732145793E-03  -0.3313039365E+02   0.6398295227E-09   0.3290975494E+04   0.0000000000E+00
   0.9000000000E+03  -0.3313041734E+02  -0.3336393497E+02   0.6178725201E-01   0.1717303799E+00  -0.1485741909E+02   0.1602380167E+03  -0.1236667129E+02   0.1379447472E+03  -0.3334382408E+02   0.1873825991E-03  -0.3313039497E+02   0.6339178071E-09   0.3306014080E+04   0.0000000000E+00
   0.9500000000E+03  -0.3313041764E+02  -0.3336971822E+02   0.6109468687E-01   0.1782058985E+00  -0.1483998178E+02   0.1606019488E+03  -0.1239286394E+02   0.1382772395E+03  -0.3334518693E+02   0.2109528184E-03  -0.3313039616E+02   0.6261871022E-09   0.3326116740E+04   0.0000000000E+00
   0.1000000000E+04  -0.3313041612E+02  -0.3337231059E+02   0.5893070789E-01   0.1829637618E+00  -0.1488156566E+02   0.1608892861E+03  -0.1241167834E+02   0.1385976188E+03  -0.3334654311E+02   0.2353505874E-03  -0.3313039716E+02   0.6134541763E-09   0.3350312070E+04   0.0000000000E+00
   0.1050000000E+04  -0.3313041746E+02  -0.3337560360E+02   0.6078977804E-01   0.1843963584E+00  -0.1496115756E+02   0.1611186963E+03  -0.1242592026E+02   0.1388988055E+03  -0.3334792695E+02   0.2624432684E-03  -0.3313039813E+02   0.6032223610E-09   0.3375058082E+04   0.0000000000E+00
   0.1100000000E+04  -0.3313042284E+02  -0.3337736657E+02   0.6253088809E-01   0.1844128354E+00  -0.1499416327E+02   0.1613625329E+03  -0.1244131106E+02   0.1391690142E+03  -0.3334926511E+02   0.2881184053E-03  -0.3313039925E+02   0.6023128662E-09   0.3398092536E+04   0.0000000000E+00
   0.1150000000E+04  -0.3313042486E+02  -0.3337232396E+02   0.5907783357E-01   0.1828212698E+00  -0.1496166793E+02   0.1616302120E+03  -0.1246183757E+02   0.1394027724E+03  -0.3335026767E+02   0.2977042473E-03  -0.3313040036E+02   0.6034497346E-09   0.3418374234E+04   0.0000000000E+00
   0.1200000000E+04  -0.3313040557E+02  -0.3336498257E+02   0.5406407798E-01   0.1805129188E+00  -0.1494957198E+02   0.1618234021E+03  -0.1247637378E+02   0.1395866250E+03  -0.3335088079E+02   0.2939459946E-03  -0.3313040058E+02   0.5793481250E-09   0.3435058965E+04   0.0000000000E+00
   0.1250000000E+04  -0.3313042976E+02  -0.3337145800E+02   0.6076278729E-01   0.1802654527E+00  -0.1492364694E+02   0.1619785672E+03  -0.1248491718E+02   0.1397067080E+03  -0.3335170388E+02   0.2984475491E-03  -0.3313040175E+02   0.5888978194E-09   0.3449343781E+04   0.0000000000E+00
   0.1300000000E+04  -0.3313041632E+02  -0.3337158375E+02   0.5877195572E-01   0.1823954762E+00  -0.1498595173E+02   0.1619697395E+03  -0.1248131542E+02   0.1397611802E+03  -0.3335246849E+02   0.3015845223E-03  -0.3313040231E+02   0.5743459042E-09   0.3463326059E+04   0.0000000000E+00
   0.1350000000E+04  -0.3313042292E+02  -0.3337810577E+02   0.6057536069E-01   0.1871074929E+00  -0.1492899472E+02   0.1620223262E+03  -0.1247954328E+02   0.1397508651E+03  -0.3335341802E+02   0.3138564587E-03  -0.3313040307E+02   0.5679794413E-09   0.3479125709E+04   0.0000000000E+00
   0.1400000000E+04  -0.3313042180E+02  -0.3338404725E+02   0.6121612966E-01   0.1924093159E+00  -0.1493393016E+02   0.1619608184E+03  -0.1247150819E+02   0.1396909162E+03  -0.3335451192E+02   0.3349560261E-03  -0.3313040374E+02   0.5600213626E-09   0.3497669751E+04   0.0000000000E+00
   0.1450000000E+04  -0.3313042191E+02  -0.3339053062E+02   0.6247852787E-01   0.1976301778E+00  -0.1490395765E+02   0.1618888755E+03  -0.1246311781E+02   0.1395851806E+03  -0.3335575394E+02   0.3665992842E-03  -0.3313040437E+02   0.5520632840E-09   0.3518790505E+04   0.0000000000E+00
   0.1500000000E+04  -0.3313042925E+02  -0.3339718860E+02   0.6523889728E-01   0.2015204509E+00  -0.1482244582E+02   0.1618414507E+03  -0.1245797727E+02   0.1394512344E+03  -0.3335713510E+02   0.4096994101E-03  -0.3313040520E+02   0.5538822734E-09   0.3541720705E+04   0.0000000000E+00
   0.1550000000E+04  -0.3313042069E+02  -0.3339386878E+02   0.6095884266E-01   0.2024892492E+00  -0.1487139964E+02   0.1616345507E+03  -0.1243973726E+02   0.1393023336E+03  -0.3335832006E+02   0.4386070361E-03  -0.3313040570E+02   0.5438778317E-09   0.3564792169E+04   0.0000000000E+00
   0.1600000000E+04  -0.3313042749E+02  -0.3339195330E+02   0.6127402138E-01   0.2002517887E+00  -0.1484685831E+02   0.1614894376E+03  -0.1242947997E+02   0.1391378243E+03  -0.3335937109E+02   0.4591457382E-03  -0.3313040638E+02   0.5413767212E-09   0.3585921225E+04   0.0000000000E+00
   0.1650000000E+04  -0.3313042952E+02  -0.3338576853E+02   0.6137696316E-01   0.1939620451E+00  -0.1478176232E+02   0.1613672320E+03  -0.1242153649E+02   0.1389592254E+03  -0.3336017102E+02   0.4657082497E-03  -0.3313040708E+02   0.5404672265E-09   0.3602990166E+04   0.0000000000E+00
   0.1700000000E+04  -0.3313041901E+02  -0.3336980701E+02   0.5617577934E-01   0.1832122219E+00  -0.1480355748E+02   0.1611341205E+03  -0.1240466923E+02   0.1387691615E+03  -0.3336045443E+02   0.4546615774E-03  -0.3313040743E+02   0.5286437954E-09   0.3613645348E+04   0.0000000000E+00
   0.1750000000E+04  -0.3313042514E+02  -0.3335774011E+02   0.5856924315E-01   0.1687457294E+00  -0.1483801071E+02   0.1608804248E+03  -0.1238828512E+02   0.1385671242E+03  -0.3336037688E+02   0.4418757326E-03  -0.3313040794E+02   0.5220499588E-09   0.3615898318E+04   0.0000000000E+00
   0.1800000000E+04  -0.3313042446E+02  -0.3334569982E+02   0.6256792553E-01   0.1527074409E+00  -0.1480232274E+02   0.1606779562E+03  -0.1237546342E+02   0.1383450611E+03  -0.3335996918E+02   0.4354189648E-03  -0.3313040839E+02   0.5154561222E-09   0.3609067320E+04   0.0000000000E+00
   0.1850000000E+04  -0.3313043431E+02  -0.3333185762E+02   0.6392422903E-01   0.1374990772E+00  -0.1479940914E+02   0.1604122935E+03  -0.1235783887E+02   0.1380958702E+03  -0.3335920941E+02   0.4444320059E-03  -0.3313040910E+02   0.5188667274E-09   0.3593544441E+04   0.0000000000E+00
   0.1900000000E+04  -0.3313041074E+02  -0.3331124476E+02   0.5489462653E-01   0.1259393915E+00  -0.1483197060E+02   0.1600665034E+03  -0.1233460885E+02   0.1378105224E+03  -0.3335794718E+02   0.4916855239E-03  -0.3313040914E+02   0.5049969332E-09   0.3571509103E+04   0.0000000000E+00
   0.1950000000E+04  -0.3313042091E+02  -0.3330600415E+02   0.5669183499E-01   0.1188914112E+00  -0.1475453686E+02   0.1598046485E+03  -0.1232008761E+02   0.1374810590E+03  -0.3335661531E+02   0.5464858104E-03  -0.3313040944E+02   0.4956746125E-09   0.3545648855E+04   0.0000000000E+00
   0.2000000000E+04  -0.3313042360E+02  -0.3330827887E+02   0.5920383858E-01   0.1186514343E+00  -0.1473661548E+02   0.1594439207E+03  -0.1230082276E+02   0.1371062260E+03  -0.3335540690E+02   0.5897736903E-03  -0.3313040979E+02   0.4883986549E-09   0.3519216220E+04   0.0000000000E+00
   0.2050000000E+04  -0.3313042518E+02  -0.3331419259E+02   0.5850050672E-01   0.1252669042E+00  -0.1474273627E+02   0.1590274426E+03  -0.1227452001E+02   0.1366982636E+03  -0.3335440167E+02   0.6158082235E-03  -0.3313041017E+02   0.4822595656E-09   0.3496036147E+04   0.0000000000E+00
   0.2100000000E+04  -0.3313042675E+02  -0.3332484993E+02   0.5830147613E-01   0.1361217095E+00  -0.1475658915E+02   0.1586013094E+03  -0.1223923671E+02   0.1362864989E+03  -0.3335369806E+02   0.6214440355E-03  -0.3313041056E+02   0.4765752237E-09   0.3478443478E+04   0.0000000000E+00
   0.2150000000E+04  -0.3313043060E+02  -0.3333692947E+02   0.5775428061E-01   0.1487445866E+00  -0.1472398770E+02   0.1582485028E+03  -0.1220869965E+02   0.1358986650E+03  -0.3335330809E+02   0.6133789748E-03  -0.3313041103E+02   0.4749836080E-09   0.3467672945E+04   0.0000000000E+00
   0.2200000000E+04  -0.3313043675E+02  -0.3335017596E+02   0.6052848143E-01   0.1592107310E+00  -0.1464754571E+02   0.1580005329E+03  -0.1218901844E+02   0.1355672673E+03  -0.3335323691E+02   0.5996564364E-03  -0.3313041161E+02   0.4790763342E-09   0.3462880844E+04   0.0000000000E+00
   0.2250000000E+04  -0.3313043586E+02  -0.3335777045E+02   0.6101143735E-01   0.1663231555E+00  -0.1460907181E+02   0.1577922357E+03  -0.1217272127E+02   0.1353180900E+03  -0.3335333765E+02   0.5867773227E-03  -0.3313041215E+02   0.4815774446E-09   0.3462411144E+04   0.0000000000E+00
   0.2300000000E+04  -0.3313043467E+02  -0.3336135147E+02   0.6158067147E-01   0.1693361328E+00  -0.1459887436E+02   0.1576527669E+03  -0.1216358424E+02   0.1351677130E+03  -0.3335351186E+02   0.5753870587E-03  -0.3313041264E+02   0.4820321919E-09   0.3464143049E+04   0.0000000000E+00
   0.2350000000E+04  -0.3313043979E+02  -0.3336305049E+02   0.6297556352E-01   0.1696351293E+00  -0.1459262174E+02   0.1576180515E+03  -0.1216211603E+02   0.1351255055E+03  -0.3335371481E+02   0.5650394501E-03  -0.3313041322E+02   0.4868070391E-09   0.3466441712E+04   0.0000000000E+00
   0.2400000000E+04  -0.3313043661E+02  -0.3335734852E+02   0.5924581287E-01   0.1676660963E+00  -0.1457327642E+02   0.1577046743E+03  -0.1216691619E+02   0.1351969836E+03  -0.3335379052E+02   0.5535371442E-03  -0.3313041371E+02   0.4877165338E-09   0.3468217093E+04   0.0000000000E+00
   0.2450000000E+04  -0.3313043856E+02  -0.3335083134E+02   0.5739828455E-01   0.1629944994E+00  -0.1459890889E+02   0.1578585859E+03  -0.1217745569E+02   0.1353797212E+03  -0.3335373012E+02   0.5424155288E-03  -0.3313041421E+02   0.4899902706E-09   0.3468492053E+04   0.0000000000E+00
   0.2500000000E+04  -0.3313043423E+02  -0.3334609212E+02   0.5952027853E-01   0.1561376109E+00  -0.1458119163E+02   0.1581595734E+03  -0.1219898257E+02   0.1356609471E+03  -0.3335357736E+02   0.5327106667E-03  -0.3313041461E+02   0.4881712812E-09   0.3466170671E+04   0.0000000000E+00
   0.2550000000E+04  -0.3313044558E+02  -0.3334275290E+02   0.6152430941E-01   0.1507830049E+00  -0.1454250790E+02   0.1585650707E+03  -0.1222581045E+02   0.1360226326E+03  -0.3335336512E+02   0.5245177454E-03  -0.3313041522E+02   0.4972662282E-09   0.3461374434E+04   0.0000000000E+00
   0.2600000000E+04  -0.3313044015E+02  -0.3333507094E+02   0.5807496332E-01   0.1465558268E+00  -0.1458753896E+02   0.1589458175E+03  -0.1224786376E+02   0.1364490805E+03  -0.3335301331E+02   0.5207431882E-03  -0.3313041570E+02   0.4997673386E-09   0.3454911646E+04   0.0000000000E+00
   0.2650000000E+04  -0.3313044002E+02  -0.3333014189E+02   0.5736620403E-01   0.1423356710E+00  -0.1464266930E+02   0.1593695769E+03  -0.1227168730E+02   0.1369253518E+03  -0.3335258177E+02   0.5206014653E-03  -0.3313041616E+02   0.5013589544E-09   0.3447049452E+04   0.0000000000E+00
   0.2700000000E+04  -0.3313045079E+02  -0.3332913296E+02   0.6121548091E-01   0.1374666874E+00  -0.1468169440E+02   0.1598486084E+03  -0.1230027811E+02   0.1374354090E+03  -0.3335214754E+02   0.5209544877E-03  -0.3313041680E+02   0.5136371328E-09   0.3437686159E+04   0.0000000000E+00
   0.2750000000E+04  -0.3313044493E+02  -0.3332272266E+02   0.5896712229E-01   0.1333106078E+00  -0.1460514427E+02   0.1604539109E+03  -0.1233922963E+02   0.1379583145E+03  -0.3335161254E+02   0.5269386045E-03  -0.3313041731E+02   0.5181846063E-09   0.3426886449E+04   0.0000000000E+00
   0.2800000000E+04  -0.3313043702E+02  -0.3331985017E+02   0.5700525984E-01   0.1324078829E+00  -0.1459660538E+02   0.1609892035E+03  -0.1237206348E+02   0.1384776025E+03  -0.3335104535E+02   0.5352224352E-03  -0.3313041767E+02   0.5161382433E-09   0.3415496868E+04   0.0000000000E+00
   0.2850000000E+04  -0.3313045676E+02  -0.3332846632E+02   0.6215539871E-01   0.1358541681E+00  -0.1471331144E+02   0.1613837750E+03  -0.1239489172E+02   0.1389730165E+03  -0.3335064923E+02   0.5346197345E-03  -0.3313041835E+02   0.5329638952E-09   0.3405096196E+04   0.0000000000E+00
   0.2900000000E+04  -0.3313044800E+02  -0.3333349118E+02   0.6077731743E-01   0.1422658681E+00  -0.1473707596E+02   0.1618306374E+03  -0.1242224087E+02   0.1394299654E+03  -0.3335035340E+02   0.5303904757E-03  -0.3313041886E+02   0.5384208634E-09   0.3396894629E+04   0.0000000000E+00
   0.2950000000E+04  -0.3313045041E+02  -0.3334204065E+02   0.6116166317E-01   0.1504285773E+00  -0.1468009278E+02   0.1623224679E+03  -0.1245100009E+02   0.1398472159E+03  -0.3335021251E+02   0.5225521741E-03  -0.3313041940E+02   0.5463789421E-09   0.3391686302E+04   0.0000000000E+00
   0.3000000000E+04  -0.3313046088E+02  -0.3335280684E+02   0.6408000146E-01   0.1582659571E+00  -0.1470285400E+02   0.1626958324E+03  -0.1247057307E+02   0.1402264071E+03  -0.3335025575E+02   0.5139532777E-03  -0.3313042009E+02   0.5652509572E-09   0.3389502017E+04   0.0000000000E+00
   0.3050000000E+04  -0.3313045805E+02  -0.3335649463E+02   0.6278180798E-01   0.1632547709E+00  -0.1470591275E+02   0.1630371649E+03  -0.1249250824E+02   0.1405602032E+03  -0.3335035802E+02   0.5061554464E-03  -0.3313042071E+02   0.5793481250E-09   0.3389609206E+04   0.0000000000E+00
   0.3100000000E+04  -0.3313045902E+02  -0.3335449491E+02   0.6164277034E-01   0.1623931234E+00  -0.1479004272E+02   0.1632375141E+03  -0.1250954332E+02   0.1408412793E+03  -0.3335042475E+02   0.4982632267E-03  -0.3313042133E+02   0.5929905456E-09   0.3390395690E+04   0.0000000000E+00
   0.3150000000E+04  -0.3313045537E+02  -0.3334950602E+02   0.6176686272E-01   0.1572837851E+00  -0.1483680335E+02   0.1633964988E+03  -0.1252633327E+02   0.1410466623E+03  -0.3335041016E+02   0.4903674715E-03  -0.3313042187E+02   0.6018581189E-09   0.3389975335E+04   0.0000000000E+00
   0.3200000000E+04  -0.3313046640E+02  -0.3334704144E+02   0.6560607652E-01   0.1509689706E+00  -0.1481167984E+02   0.1635313995E+03  -0.1254542089E+02   0.1411528895E+03  -0.3335035753E+02   0.4828800263E-03  -0.3313042256E+02   0.6232312444E-09   0.3387599190E+04   0.0000000000E+00
   0.3250000000E+04  -0.3313045055E+02  -0.3333993932E+02   0.6263340060E-01   0.1468553735E+00  -0.1483725960E+02   0.1634848492E+03  -0.1255187618E+02   0.1411369784E+03  -0.3335019725E+02   0.4770952446E-03  -0.3313042299E+02   0.6257323548E-09   0.3383520744E+04   0.0000000000E+00
   0.3300000000E+04  -0.3313045638E+02  -0.3334428323E+02   0.6436817657E-01   0.1494586812E+00  -0.1483400757E+02   0.1633369303E+03  -0.1254937429E+02   0.1409822679E+03  -0.3335010764E+02   0.4703884322E-03  -0.3313042350E+02   0.6327809388E-09   0.3379358981E+04   0.0000000000E+00
   0.3350000000E+04  -0.3313046403E+02  -0.3335429721E+02   0.6495457189E-01   0.1588786076E+00  -0.1487849900E+02   0.1630060611E+03  -0.1253106656E+02   0.1406916559E+03  -0.3335017017E+02   0.4636257770E-03  -0.3313042411E+02   0.6477876013E-09   0.3377379425E+04   0.0000000000E+00
   0.3400000000E+04  -0.3313045313E+02  -0.3336173980E+02   0.5939524991E-01   0.1718914220E+00  -0.1489555457E+02   0.1625749679E+03  -0.1250247719E+02   0.1402791585E+03  -0.3335034031E+02   0.4587472768E-03  -0.3313042453E+02   0.6505160854E-09   0.3379056823E+04   0.0000000000E+00
   0.3450000000E+04  -0.3313047181E+02  -0.3337846102E+02   0.6350462940E-01   0.1844845897E+00  -0.1486586276E+02   0.1621033239E+03  -0.1246834699E+02   0.1397718897E+03  -0.3335074786E+02   0.4633931692E-03  -0.3313042522E+02   0.6727987056E-09   0.3384688510E+04   0.0000000000E+00
   0.3500000000E+04  -0.3313046000E+02  -0.3338674596E+02   0.6151889639E-01   0.1947670669E+00  -0.1485208421E+02   0.1615386683E+03  -0.1243107935E+02   0.1391969711E+03  -0.3335126212E+02   0.4750211349E-03  -0.3313042571E+02   0.6805294106E-09   0.3393595170E+04   0.0000000000E+00
   0.3550000000E+04  -0.3313047170E+02  -0.3339423566E+02   0.6416876473E-01   0.1995951890E+00  -0.1474417868E+02   0.1610358217E+03  -0.1240643878E+02   0.1385866018E+03  -0.3335186738E+02   0.4939745675E-03  -0.3313042636E+02   0.7000835467E-09   0.3404456237E+04   0.0000000000E+00
   0.3600000000E+04  -0.3313045719E+02  -0.3339353347E+02   0.6311671671E-01   0.1999595660E+00  -0.1476141162E+02   0.1603878558E+03  -0.1236730323E+02   0.1379689222E+03  -0.3335244608E+02   0.5108909079E-03  -0.3313042679E+02   0.7034941518E-09   0.3415670985E+04   0.0000000000E+00
   0.3650000000E+04  -0.3313047186E+02  -0.3339387687E+02   0.6519651178E-01   0.1982085010E+00  -0.1478314711E+02   0.1597485633E+03  -0.1232409219E+02   0.1373646092E+03  -0.3335301362E+02   0.5270841439E-03  -0.3313042741E+02   0.7216840459E-09   0.3426246571E+04   0.0000000000E+00
   0.3700000000E+04  -0.3313045939E+02  -0.3338776610E+02   0.6157235699E-01   0.1957343574E+00  -0.1478614538E+02   0.1591494346E+03  -0.1228616364E+02   0.1367864952E+03  -0.3335348325E+02   0.5360615769E-03  -0.3313042784E+02   0.7257767720E-09   0.3435995811E+04   0.0000000000E+00
   0.3750000000E+04  -0.3313046722E+02  -0.3338417490E+02   0.6248813800E-01   0.1912195453E+00  -0.1464990842E+02   0.1587366592E+03  -0.1226768885E+02   0.1362469388E+03  -0.3335389247E+02   0.5413063268E-03  -0.3313042836E+02   0.7364633348E-09   0.3444437337E+04   0.0000000000E+00
   0.3800000000E+04  -0.3313046038E+02  -0.3337837451E+02   0.6186508240E-01   0.1860490516E+00  -0.1460813016E+02   0.1582748685E+03  -0.1224591336E+02   0.1357560672E+03  -0.3335421460E+02   0.5419665592E-03  -0.3313042879E+02   0.7401013136E-09   0.3451300805E+04   0.0000000000E+00
   0.3850000000E+04  -0.3313046841E+02  -0.3337390708E+02   0.6317981042E-01   0.1802588523E+00  -0.1449146603E+02   0.1579409672E+03  -0.1222893524E+02   0.1353153476E+03  -0.3335447035E+02   0.5398989058E-03  -0.3313042930E+02   0.7507878763E-09   0.3456475750E+04   0.0000000000E+00
   0.3900000000E+04  -0.3313045436E+02  -0.3336512605E+02   0.6028920100E-01   0.1743824867E+00  -0.1450026396E+02   0.1575281273E+03  -0.1220391204E+02   0.1349279537E+03  -0.3335460696E+02   0.5344141534E-03  -0.3313042962E+02   0.7489688869E-09   0.3459940717E+04   0.0000000000E+00
   0.3950000000E+04  -0.3313047283E+02  -0.3336356589E+02   0.6460042166E-01   0.1684926337E+00  -0.1456111305E+02   0.1571289032E+03  -0.1217926036E+02   0.1345988836E+03  -0.3335472036E+02   0.5286525354E-03  -0.3313043017E+02   0.7628386811E-09   0.3461736549E+04   0.0000000000E+00
   0.4000000000E+04  -0.3313046272E+02  -0.3335432116E+02   0.6117286932E-01   0.1626855705E+00  -0.1458000584E+02   0.1568308059E+03  -0.1216277679E+02   0.1343340812E+03  -0.3335471537E+02   0.5220463463E-03  -0.3313043058E+02   0.7660219126E-09   0.3461977380E+04   0.0000000000E+00
   0.4050000000E+04  -0.3313046094E+02  -0.3334633297E+02   0.5955732004E-01   0.1563147089E+00  -0.1443885268E+02   0.1567700575E+03  -0.1216970682E+02   0.1341380089E+03  -0.3335461189E+02   0.5164580857E-03  -0.3313043095E+02   0.7676135283E-09   0.3460612046E+04   0.0000000000E+00
   0.4100000000E+04  -0.3313046971E+02  -0.3334211857E+02   0.6175774732E-01   0.1498911062E+00  -0.1440087672E+02   0.1566774350E+03  -0.1217110044E+02   0.1340111987E+03  -0.3335445953E+02   0.5120400560E-03  -0.3313043142E+02   0.7762537280E-09   0.3457642508E+04   0.0000000000E+00
   0.4150000000E+04  -0.3313046372E+02  -0.3333422047E+02   0.6035342466E-01   0.1434033227E+00  -0.1443310791E+02   0.1565706496E+03  -0.1216846314E+02   0.1339453206E+03  -0.3335421569E+02   0.5107466156E-03  -0.3313043181E+02   0.7794369594E-09   0.3453096325E+04   0.0000000000E+00
   0.4200000000E+04  -0.3313046460E+02  -0.3332961514E+02   0.6142633785E-01   0.1377242067E+00  -0.1441482460E+02   0.1565787902E+03  -0.1217310895E+02   0.1339383023E+03  -0.3335392282E+02   0.5117851349E-03  -0.3313043220E+02   0.7830749382E-09   0.3447127836E+04   0.0000000000E+00
   0.4250000000E+04  -0.3313046964E+02  -0.3332608067E+02   0.6282406893E-01   0.1327869600E+00  -0.1448059451E+02   0.1565588250E+03  -0.1217138197E+02   0.1339881707E+03  -0.3335359527E+02   0.5147766713E-03  -0.3313043264E+02   0.7898961485E-09   0.3440003060E+04   0.0000000000E+00
   0.4300000000E+04  -0.3313047037E+02  -0.3332148721E+02   0.6163972735E-01   0.1293771135E+00  -0.1450448472E+02   0.1566326890E+03  -0.1217736343E+02   0.1340886226E+03  -0.3335322192E+02   0.5206390319E-03  -0.3313043308E+02   0.7971721061E-09   0.3432026236E+04   0.0000000000E+00
   0.4350000000E+04  -0.3313047098E+02  -0.3331872130E+02   0.6151517363E-01   0.1267351477E+00  -0.1451376419E+02   0.1567749702E+03  -0.1219023925E+02   0.1342388941E+03  -0.3335282536E+02   0.5281789408E-03  -0.3313043352E+02   0.8042206900E-09   0.3423522388E+04   0.0000000000E+00
   0.4400000000E+04  -0.3313047129E+02  -0.3331735558E+02   0.6137391046E-01   0.1255103739E+00  -0.1452548812E+02   0.1569653484E+03  -0.1220958542E+02   0.1344362540E+03  -0.3335242229E+02   0.5363110988E-03  -0.3313043395E+02   0.8110419003E-09   0.3414763884E+04   0.0000000000E+00
   0.4450000000E+04  -0.3313047833E+02  -0.3331844462E+02   0.6293944166E-01   0.1250268489E+00  -0.1453347354E+02   0.1571995442E+03  -0.1222583036E+02   0.1346722034E+03  -0.3335204052E+02   0.5431110951E-03  -0.3313043445E+02   0.8240021998E-09   0.3406019198E+04   0.0000000000E+00
   0.4500000000E+04  -0.3313046855E+02  -0.3331543003E+02   0.5923594159E-01   0.1257255350E+00  -0.1456978805E+02   0.1574316983E+03  -0.1223837219E+02   0.1349396950E+03  -0.3335163374E+02   0.5518035921E-03  -0.3313043482E+02   0.8274128049E-09   0.3397492461E+04   0.0000000000E+00
   0.4550000000E+04  -0.3313047679E+02  -0.3332061851E+02   0.6236863137E-01   0.1277730870E+00  -0.1452632147E+02   0.1577828369E+03  -0.1226093751E+02   0.1352350639E+03  -0.3335129291E+02   0.5561944747E-03  -0.3313043529E+02   0.8376446203E-09   0.3389464432E+04   0.0000000000E+00
   0.4600000000E+04  -0.3313047998E+02  -0.3332662749E+02   0.6395364623E-01   0.1321938619E+00  -0.1457012828E+02   0.1580738859E+03  -0.1228127419E+02   0.1355575149E+03  -0.3335102481E+02   0.5566898642E-03  -0.3313043577E+02   0.8506049198E-09   0.3382411647E+04   0.0000000000E+00
   0.4650000000E+04  -0.3313047498E+02  -0.3332835781E+02   0.6134060587E-01   0.1365422319E+00  -0.1457594855E+02   0.1584047293E+03  -0.1230456014E+02   0.1358850994E+03  -0.3335078108E+02   0.5561692001E-03  -0.3313043619E+02   0.8576535038E-09   0.3376522366E+04   0.0000000000E+00
   0.4700000000E+04  -0.3313047934E+02  -0.3333440651E+02   0.6461271440E-01   0.1393144567E+00  -0.1460933161E+02   0.1587088686E+03  -0.1232540221E+02   0.1362100234E+03  -0.3335060688E+02   0.5530745707E-03  -0.3313043665E+02   0.8676579455E-09   0.3371550651E+04   0.0000000000E+00
   0.4750000000E+04  -0.3313047997E+02  -0.3333838508E+02   0.6537659739E-01   0.1425285146E+00  -0.1462495415E+02   0.1590184084E+03  -0.1234102043E+02   0.1365262461E+03  -0.3335047823E+02   0.5488085228E-03  -0.3313043711E+02   0.8781171346E-09   0.3367310628E+04   0.0000000000E+00
   0.4800000000E+04  -0.3313047586E+02  -0.3334108022E+02   0.6394041570E-01   0.1466639395E+00  -0.1462990085E+02   0.1593335725E+03  -0.1235750452E+02   0.1368384427E+03  -0.3335038034E+02   0.5440022112E-03  -0.3313043751E+02   0.8842562238E-09   0.3363965643E+04   0.0000000000E+00
   0.4850000000E+04  -0.3313048641E+02  -0.3334775979E+02   0.6502857245E-01   0.1522448104E+00  -0.1462343799E+02   0.1596544848E+03  -0.1237820400E+02   0.1371396842E+03  -0.3335035332E+02   0.5384640076E-03  -0.3313043802E+02   0.8999450074E-09   0.3361763406E+04   0.0000000000E+00
   0.4900000000E+04  -0.3313047043E+02  -0.3335090856E+02   0.6169126126E-01   0.1587468600E+00  -0.1463741093E+02   0.1599321787E+03  -0.1239457974E+02   0.1374230541E+03  -0.3335035898E+02   0.5329725905E-03  -0.3313043835E+02   0.9015366231E-09   0.3360922492E+04   0.0000000000E+00
   0.4950000000E+04  -0.3313048912E+02  -0.3336066347E+02   0.6497747991E-01   0.1651968701E+00  -0.1462387568E+02   0.1602199877E+03  -0.1240658889E+02   0.1376838179E+03  -0.3335046307E+02   0.5286507442E-03  -0.3313043886E+02   0.9174527804E-09   0.3361498562E+04   0.0000000000E+00
   0.5000000000E+04  -0.3313047906E+02  -0.3336481803E+02   0.6369738843E-01   0.1706415753E+00  -0.1467031474E+02   0.1604197519E+03  -0.1241208448E+02   0.1379241335E+03  -0.3335060662E+02   0.5254042776E-03  -0.3313043926E+02   0.9242739907E-09   0.3363306728E+04   0.0000000000E+00
   0.5050000000E+04  -0.3313508633E+02  -0.3337085242E+02   0.6450496644E-01   0.1712611288E+00  -0.1466481672E+02   0.1606578220E+03  -0.1242727945E+02   0.1381458914E+03  -0.3335080707E+02   0.5242204115E-03  -0.3280701617E+00   0.1076300310E+02   0.3566308882E+04   0.0000000000E+00
   0.5100000000E+04  -0.3313510081E+02  -0.3337586844E+02   0.6844848732E-01   0.1723191376E+00  -0.1471558066E+02   0.1608253100E+03  -0.1243795027E+02   0.1383557411E+03  -0.3335105277E+02   0.5251781961E-03  -0.6497077171E+00   0.2110600588E+02   0.3593365989E+04   0.0000000000E+00
   0.5150000000E+04  -0.3313508443E+02  -0.3337235607E+02   0.6620028486E-01   0.1710713509E+00  -0.1477356000E+02   0.1609593949E+03  -0.1244437696E+02   0.1385492857E+03  -0.3335125960E+02   0.5244427205E-03  -0.9650997240E+00   0.3104724924E+02   0.3600467570E+04   0.0000000000E+00
   0.5200000000E+04  -0.3313510492E+02  -0.3337079015E+02   0.6751497581E-01   0.1681702534E+00  -0.1472184263E+02   0.1611770249E+03  -0.1245820705E+02   0.1387124036E+03  -0.3335144740E+02   0.5230324502E-03  -0.1274426697E+01   0.4060408515E+02   0.3593457474E+04   0.0000000000E+00
   0.5250000000E+04  -0.3313508663E+02  -0.3335964320E+02   0.6278094661E-01   0.1617756257E+00  -0.1473220346E+02   0.1612900722E+03  -0.1246971141E+02   0.1388433040E+03  -0.3335152545E+02   0.5186848230E-03  -0.1577861554E+01   0.4979294164E+02   0.3569918073E+04   0.0000000000E+00
   0.5300000000E+04  -0.3313510198E+02  -0.3335568945E+02   0.6596194185E-01   0.1546255252E+00  -0.1475066479E+02   0.1613516360E+03  -0.1247646856E+02   0.1389251425E+03  -0.3335156473E+02   0.5139536015E-03  -0.1875571369E+01   0.5862946600E+02   0.3528794649E+04   0.0000000000E+00
   0.5350000000E+04  -0.3313509518E+02  -0.3335075907E+02   0.6541659687E-01   0.1502472896E+00  -0.1483438552E+02   0.1612691062E+03  -0.1247048775E+02   0.1389331379E+03  -0.3335155720E+02   0.5091563062E-03  -0.2167716451E+01   0.6712849447E+02   0.3482105010E+04   0.0000000000E+00
   0.5400000000E+04  -0.3313510255E+02  -0.3335224100E+02   0.6598076528E-01   0.1511576795E+00  -0.1473710547E+02   0.1612861632E+03  -0.1247168929E+02   0.1388510976E+03  -0.3335156354E+02   0.5044461855E-03  -0.2454451508E+01   0.7530415255E+02   0.3442766450E+04   0.0000000000E+00
   0.5450000000E+04  -0.3313509606E+02  -0.3335882369E+02   0.6591362598E-01   0.1578140056E+00  -0.1474046032E+02   0.1611211009E+03  -0.1246077094E+02   0.1386862651E+03  -0.3335163014E+02   0.5002973796E-03  -0.2735925311E+01   0.8316985897E+02   0.3421462779E+04   0.0000000000E+00
   0.5500000000E+04  -0.3313511253E+02  -0.3337208865E+02   0.6859721754E-01   0.1683788994E+00  -0.1475083059E+02   0.1608832035E+03  -0.1244407748E+02   0.1384507526E+03  -0.3335181613E+02   0.4995196341E-03  -0.3012281558E+01   0.9073840188E+02   0.3423593432E+04   0.0000000000E+00
   0.5550000000E+04  -0.3313510600E+02  -0.3338003030E+02   0.6678148335E-01   0.1781428131E+00  -0.1481828120E+02   0.1605309591E+03  -0.1241625615E+02   0.1381667920E+03  -0.3335207031E+02   0.5021263739E-03  -0.3283658355E+01   0.9802192904E+02   0.3445048630E+04   0.0000000000E+00
   0.5600000000E+04  -0.3313511850E+02  -0.3338982416E+02   0.7091641419E-01   0.1837892377E+00  -0.1474221072E+02   0.1603045632E+03  -0.1239635764E+02   0.1378608673E+03  -0.3335240740E+02   0.5102558391E-03  -0.3550189249E+01   0.1050320309E+03   0.3476423147E+04   0.0000000000E+00
   0.5650000000E+04  -0.3313511185E+02  -0.3338974423E+02   0.6858149425E-01   0.1860508870E+00  -0.1469379604E+02   0.1600381877E+03  -0.1237279667E+02   0.1375536225E+03  -0.3335273781E+02   0.5179677587E-03  -0.3812002724E+01   0.1117797290E+03   0.3508571276E+04   0.0000000000E+00
   0.5700000000E+04  -0.3313511026E+02  -0.3338829757E+02   0.6686489733E-01   0.1863224132E+00  -0.1463676655E+02   0.1597882829E+03  -0.1235711958E+02   0.1372530849E+03  -0.3335304974E+02   0.5244189556E-03  -0.4069222965E+01   0.1182755396E+03   0.3538189690E+04   0.0000000000E+00
   0.5750000000E+04  -0.3313512144E+02  -0.3338754198E+02   0.6924367439E-01   0.1831768729E+00  -0.1466845623E+02   0.1594662558E+03  -0.1233350294E+02   0.1369709618E+03  -0.3335334967E+02   0.5301141769E-03  -0.4321969909E+01   0.1245294926E+03   0.3561456159E+04   0.0000000000E+00
   0.5800000000E+04  -0.3313510746E+02  -0.3337944825E+02   0.6572554983E-01   0.1786152351E+00  -0.1468889697E+02   0.1591729328E+03  -0.1231337283E+02   0.1367125040E+03  -0.3335357466E+02   0.5313654672E-03  -0.4570359025E+01   0.1305511351E+03   0.3576619465E+04   0.0000000000E+00
   0.5850000000E+04  -0.3313512682E+02  -0.3337755554E+02   0.6906690567E-01   0.1733618191E+00  -0.1454754075E+02   0.1590861564E+03  -0.1230663750E+02   0.1364884564E+03  -0.3335377963E+02   0.5316971080E-03  -0.4814502340E+01   0.1363496046E+03   0.3583791242E+04   0.0000000000E+00
   0.5900000000E+04  -0.3313511325E+02  -0.3337032043E+02   0.6582232563E-01   0.1693848460E+00  -0.1459234556E+02   0.1588471062E+03  -0.1228538071E+02   0.1363081366E+03  -0.3335391980E+02   0.5294901785E-03  -0.5054507517E+01   0.1419335902E+03   0.3584707199E+04   0.0000000000E+00
   0.5950000000E+04  -0.3313512793E+02  -0.3336624123E+02   0.6658635838E-01   0.1645269474E+00  -0.1463202231E+02   0.1586665493E+03  -0.1227092317E+02   0.1361758649E+03  -0.3335402334E+02   0.5263057392E-03  -0.5290479117E+01   0.1473114173E+03   0.3581074022E+04   0.0000000000E+00
   0.6000000000E+04  -0.3313512428E+02  -0.3335734155E+02   0.6619540889E-01   0.1560218640E+00  -0.1460972247E+02   0.1585931133E+03  -0.1226440519E+02   0.1360910814E+03  -0.3335405100E+02   0.5220108478E-03  -0.5522517827E+01   0.1524910157E+03   0.3570607820E+04   0.0000000000E+00
   0.6050000000E+04  -0.3313512951E+02  -0.3334799134E+02   0.6738737184E-01   0.1454744609E+00  -0.1457821521E+02   0.1585691887E+03  -0.1226072547E+02   0.1360461485E+03  -0.3335400092E+02   0.5179976663E-03  -0.5750721229E+01   0.1574799746E+03   0.3551340273E+04   0.0000000000E+00
   0.6100000000E+04  -0.3313512101E+02  -0.3333590555E+02   0.6583615077E-01   0.1349483808E+00  -0.1458261769E+02   0.1585408099E+03  -0.1226009476E+02   0.1360344546E+03  -0.3335385259E+02   0.5164137383E-03  -0.5975183523E+01   0.1622855369E+03   0.3523646945E+04   0.0000000000E+00
   0.6150000000E+04  -0.3313513221E+02  -0.3332973246E+02   0.6836043702E-01   0.1262398082E+00  -0.1456093616E+02   0.1585676532E+03  -0.1226715514E+02   0.1360435656E+03  -0.3335365649E+02   0.5169067244E-03  -0.6195996114E+01   0.1669146428E+03   0.3489460871E+04   0.0000000000E+00
   0.6200000000E+04  -0.3313512900E+02  -0.3332311773E+02   0.6614073401E-01   0.1218479891E+00  -0.1466013791E+02   0.1584804273E+03  -0.1226406504E+02   0.1360630666E+03  -0.3335341021E+02   0.5201985662E-03  -0.6413247185E+01   0.1713739144E+03   0.3452526925E+04   0.0000000000E+00
   0.6250000000E+04  -0.3313512560E+02  -0.3331958956E+02   0.6319463899E-01   0.1212693217E+00  -0.1476967626E+02   0.1583866678E+03  -0.1225526728E+02   0.1360851037E+03  -0.3335313965E+02   0.5251144644E-03  -0.6627022213E+01   0.1756696936E+03   0.3416639721E+04   0.0000000000E+00
   0.6300000000E+04  -0.3313513476E+02  -0.3332419914E+02   0.6477311339E-01   0.1242912701E+00  -0.1472460218E+02   0.1584664527E+03  -0.1226092335E+02   0.1361134639E+03  -0.3335290996E+02   0.5275413782E-03  -0.6837404058E+01   0.1798080548E+03   0.3384706976E+04   0.0000000000E+00
   0.6350000000E+04  -0.3313513182E+02  -0.3332972810E+02   0.6519493109E-01   0.1294013495E+00  -0.1466898163E+02   0.1585702150E+03  -0.1226959716E+02   0.1361533834E+03  -0.3335272743E+02   0.5275856759E-03  -0.7044472781E+01   0.1837948028E+03   0.3358413794E+04   0.0000000000E+00
   0.6400000000E+04  -0.3313513527E+02  -0.3333944278E+02   0.6674994500E-01   0.1375575638E+00  -0.1471796249E+02   0.1585945257E+03  -0.1226816386E+02   0.1362174110E+03  -0.3335262364E+02   0.5248319064E-03  -0.7248306081E+01   0.1876355037E+03   0.3338955166E+04   0.0000000000E+00
   0.6450000000E+04  -0.3313513740E+02  -0.3335164704E+02   0.6790542097E-01   0.1486042249E+00  -0.1480610005E+02   0.1586124192E+03  -0.1226464004E+02   0.1363123331E+03  -0.3335261607E+02   0.5207707777E-03  -0.7448979192E+01   0.1913354862E+03   0.3328060698E+04   0.0000000000E+00
   0.6500000000E+04  -0.3313514377E+02  -0.3336458770E+02   0.6962668116E-01   0.1598172442E+00  -0.1473445600E+02   0.1588414780E+03  -0.1228194557E+02   0.1364513793E+03  -0.3335270816E+02   0.5178588292E-03  -0.7646565074E+01   0.1948998581E+03   0.3325757313E+04   0.0000000000E+00
   0.6550000000E+04  -0.3313514544E+02  -0.3337272730E+02   0.6782866470E-01   0.1697531962E+00  -0.1480365428E+02   0.1589882238E+03  -0.1228795845E+02   0.1366573113E+03  -0.3335286098E+02   0.5169416365E-03  -0.7841134390E+01   0.1983335113E+03   0.3330867772E+04   0.0000000000E+00
   0.6600000000E+04  -0.3313513471E+02  -0.3337575938E+02   0.6497259292E-01   0.1756520729E+00  -0.1492244941E+02   0.1591491188E+03  -0.1229381694E+02   0.1369320646E+03  -0.3335303445E+02   0.5169675676E-03  -0.8032755604E+01   0.2016411331E+03   0.3340772170E+04   0.0000000000E+00
   0.6650000000E+04  -0.3313515377E+02  -0.3338377764E+02   0.7002470824E-01   0.1785991615E+00  -0.1489133049E+02   0.1595426845E+03  -0.1232334206E+02   0.1372772154E+03  -0.3335326560E+02   0.5201335061E-03  -0.8221495440E+01   0.2048272341E+03   0.3352745113E+04   0.0000000000E+00
   0.6700000000E+04  -0.3313514148E+02  -0.3338252334E+02   0.6854506419E-01   0.1788367958E+00  -0.1487679798E+02   0.1599733539E+03  -0.1235407513E+02   0.1376849087E+03  -0.3335348394E+02   0.5225924119E-03  -0.8407418172E+01   0.2078961186E+03   0.3364836731E+04   0.0000000000E+00
   0.6750000000E+04  -0.3313514722E+02  -0.3338068228E+02   0.6824522795E-01   0.1772898316E+00  -0.1496421787E+02   0.1603461667E+03  -0.1237647422E+02   0.1381398686E+03  -0.3335368541E+02   0.5241603922E-03  -0.8590586535E+01   0.2108519343E+03   0.3375867610E+04   0.0000000000E+00
   0.6800000000E+04  -0.3313514548E+02  -0.3337626138E+02   0.6773273825E-01   0.1733831587E+00  -0.1501804129E+02   0.1607754278E+03  -0.1240194148E+02   0.1386192907E+03  -0.3335385141E+02   0.5240263192E-03  -0.8771061233E+01   0.2136986532E+03   0.3384554146E+04   0.0000000000E+00
   0.6850000000E+04  -0.3313514892E+02  -0.3337350903E+02   0.6931575260E-01   0.1690443653E+00  -0.1495158702E+02   0.1613365252E+03  -0.1244044503E+02   0.1391045482E+03  -0.3335399490E+02   0.5230013201E-03  -0.8948901289E+01   0.2164400927E+03   0.3390391847E+04   0.0000000000E+00
   0.6900000000E+04  -0.3313515853E+02  -0.3337002705E+02   0.7167160858E-01   0.1631969071E+00  -0.1494085766E+02   0.1618320605E+03  -0.1247524412E+02   0.1395818612E+03  -0.3335411107E+02   0.5210604932E-03  -0.9124164023E+01   0.2190799187E+03   0.3393055925E+04   0.0000000000E+00
   0.6950000000E+04  -0.3313515131E+02  -0.3335892831E+02   0.6743938392E-01   0.1563376220E+00  -0.1507790009E+02   0.1621326889E+03  -0.1249392811E+02   0.1400246656E+03  -0.3335414573E+02   0.5174776034E-03  -0.9296904938E+01   0.2216216447E+03   0.3392218571E+04   0.0000000000E+00
   0.7000000000E+04  -0.3313515874E+02  -0.3335142436E+02   0.6798501581E-01   0.1482805994E+00  -0.1514276651E+02   0.1624369659E+03  -0.1250894950E+02   0.1403965293E+03  -0.3335412629E+02   0.5138338563E-03  -0.9467178180E+01   0.2240686567E+03   0.3387329455E+04   0.0000000000E+00
   0.7050000000E+04  -0.3313515940E+02  -0.3334675590E+02   0.6835822452E-01   0.1432382809E+00  -0.1513677299E+02   0.1627157772E+03  -0.1252157410E+02   0.1406700532E+03  -0.3335407402E+02   0.5105721787E-03  -0.9635036203E+01   0.2264242015E+03   0.3379222921E+04   0.0000000000E+00
   0.7100000000E+04  -0.3313515129E+02  -0.3334679460E+02   0.6731257484E-01   0.1443307346E+00  -0.1505070777E+02   0.1629630597E+03  -0.1253355038E+02   0.1408274886E+03  -0.3335402276E+02   0.5073471409E-03  -0.9800529971E+01   0.2286913993E+03   0.3370620549E+04   0.0000000000E+00
   0.7150000000E+04  -0.3313516130E+02  -0.3335813412E+02   0.7099800047E-01   0.1519748239E+00  -0.1499869609E+02   0.1630698089E+03  -0.1253131745E+02   0.1408716329E+03  -0.3335405151E+02   0.5039166372E-03  -0.9963709211E+01   0.2308732587E+03   0.3364729050E+04   0.0000000000E+00
   0.7200000000E+04  -0.3313516277E+02  -0.3336985618E+02   0.7044372874E-01   0.1642496891E+00  -0.1506407364E+02   0.1629578525E+03  -0.1251206979E+02   0.1408193851E+03  -0.3335416126E+02   0.5021398072E-03  -0.1012462208E+02   0.2329726644E+03   0.3364042066E+04   0.0000000000E+00
   0.7250000000E+04  -0.3313516962E+02  -0.3338575962E+02   0.7175188166E-01   0.1788381150E+00  -0.1504308305E+02   0.1628701850E+03  -0.1249376035E+02   0.1407006253E+03  -0.3335437918E+02   0.5055151908E-03  -0.1028331551E+02   0.2349923955E+03   0.3369867191E+04   0.0000000000E+00
   0.7300000000E+04  -0.3313516861E+02  -0.3339950413E+02   0.7286678394E-01   0.1914687326E+00  -0.1505620752E+02   0.1627135790E+03  -0.1247199900E+02   0.1405503215E+03  -0.3335468826E+02   0.5159042244E-03  -0.1043983506E+02   0.2369351217E+03   0.3381737463E+04   0.0000000000E+00
   0.7350000000E+04  -0.3313517715E+02  -0.3340746556E+02   0.7265384883E-01   0.1996345643E+00  -0.1497117076E+02   0.1626499972E+03  -0.1246360788E+02   0.1403964569E+03  -0.3335504729E+02   0.5312143669E-03  -0.1059422514E+02   0.2388034176E+03   0.3397718716E+04   0.0000000000E+00
   0.7400000000E+04  -0.3313516321E+02  -0.3340609363E+02   0.6919262158E-01   0.2017377905E+00  -0.1501611039E+02   0.1624741579E+03  -0.1244779459E+02   0.1402719426E+03  -0.3335539219E+02   0.5451123964E-03  -0.1074652877E+02   0.2405997514E+03   0.3415224938E+04   0.0000000000E+00
   0.7450000000E+04  -0.3313518731E+02  -0.3340527917E+02   0.7407543090E-01   0.1960164293E+00  -0.1494861061E+02   0.1624468631E+03  -0.1244728906E+02   0.1401781182E+03  -0.3335572701E+02   0.5580445761E-03  -0.1089678823E+02   0.2423265177E+03   0.3431076591E+04   0.0000000000E+00
   0.7500000000E+04  -0.3313515894E+02  -0.3338772701E+02   0.6803497462E-01   0.1845330956E+00  -0.1497618088E+02   0.1623358125E+03  -0.1244351166E+02   0.1401133263E+03  -0.3335594034E+02   0.5611054376E-03  -0.1104504403E+02   0.2439859953E+03   0.3442472875E+04   0.0000000000E+00
   0.7550000000E+04  -0.3313517968E+02  -0.3337505245E+02   0.7134359911E-01   0.1685291674E+00  -0.1491986468E+02   0.1623199646E+03  -0.1244660907E+02   0.1400528468E+03  -0.3335606691E+02   0.5597925117E-03  -0.1119133632E+02   0.2455804091E+03   0.3447623398E+04   0.0000000000E+00
   0.7600000000E+04  -0.3313516858E+02  -0.3335458979E+02   0.6863793842E-01   0.1507832715E+00  -0.1499828570E+02   0.1621404362E+03  -0.1243950486E+02   0.1399744216E+03  -0.3335605719E+02   0.5561239266E-03  -0.1133570364E+02   0.2471118788E+03   0.3445615768E+04   0.0000000000E+00
   0.7650000000E+04  -0.3313516894E+02  -0.3333487510E+02   0.6624377832E-01   0.1334623871E+00  -0.1492116273E+02   0.1620665960E+03  -0.1244039330E+02   0.1398428899E+03  -0.3335591875E+02   0.5554025170E-03  -0.1147818380E+02   0.2485824593E+03   0.3436674549E+04   0.0000000000E+00
   0.7700000000E+04  -0.3313516633E+02  -0.3332186917E+02   0.6740978365E-01   0.1192930588E+00  -0.1490389113E+02   0.1618711273E+03  -0.1243102278E+02   0.1396460920E+03  -0.3335569764E+02   0.5592755219E-03  -0.1161881356E+02   0.2499941269E+03   0.3421914939E+04   0.0000000000E+00
   0.7750000000E+04  -0.3313516663E+02  -0.3331263550E+02   0.6633040064E-01   0.1111384655E+00  -0.1485314101E+02   0.1616281267E+03  -0.1241664122E+02   0.1393660763E+03  -0.3335541982E+02   0.5675536488E-03  -0.1175762874E+02   0.2513487884E+03   0.3403424504E+04   0.0000000000E+00
   0.7800000000E+04  -0.3313515986E+02  -0.3331080993E+02   0.6456056080E-01   0.1110895017E+00  -0.1489279399E+02   0.1612205468E+03  -0.1239174202E+02   0.1390078174E+03  -0.3335513386E+02   0.5765903963E-03  -0.1189466420E+02   0.2526482792E+03   0.3384236986E+04   0.0000000000E+00
   0.7850000000E+04  -0.3313517822E+02  -0.3332188902E+02   0.7054594845E-01   0.1161648507E+00  -0.1480718649E+02   0.1608888341E+03  -0.1237151757E+02   0.1385858450E+03  -0.3335492211E+02   0.5799126232E-03  -0.1202995410E+02   0.2538943781E+03   0.3366825832E+04   0.0000000000E+00
   0.7900000000E+04  -0.3313516776E+02  -0.3333002102E+02   0.6894542333E-01   0.1259078310E+00  -0.1478106244E+02   0.1604581202E+03  -0.1234106285E+02   0.1381305009E+03  -0.3335476451E+02   0.5801419120E-03  -0.1216353140E+02   0.2550887863E+03   0.3352787997E+04   0.0000000000E+00
   0.7950000000E+04  -0.3313517568E+02  -0.3334211542E+02   0.6946433174E-01   0.1374754108E+00  -0.1468338422E+02   0.1600993870E+03  -0.1231633667E+02   0.1376698107E+03  -0.3335468496E+02   0.5774931778E-03  -0.1229542853E+02   0.2562331572E+03   0.3343183695E+04   0.0000000000E+00
   0.8000000000E+04  -0.3313517143E+02  -0.3335087644E+02   0.6920386099E-01   0.1465011476E+00  -0.1463458689E+02   0.1597240687E+03  -0.1229348742E+02   0.1372441696E+03  -0.3335466115E+02   0.5739739336E-03  -0.1242567692E+02   0.2573290784E+03   0.3337568707E+04   0.0000000000E+00
   0.8050000000E+04  -0.3313517685E+02  -0.3335791268E+02   0.7147185756E-01   0.1512639718E+00  -0.1463179330E+02   0.1593594233E+03  -0.1226835161E+02   0.1368776181E+03  -0.3335468135E+02   0.5704741375E-03  -0.1255430736E+02   0.2583780873E+03   0.3334431356E+04   0.0000000000E+00
   0.8100000000E+04  -0.3313517266E+02  -0.3335804941E+02   0.6963958217E-01   0.1532371668E+00  -0.1457741594E+02   0.1591177267E+03  -0.1225404310E+02   0.1365859337E+03  -0.3335470214E+02   0.5670222840E-03  -0.1268134974E+02   0.2593816632E+03   0.3332447065E+04   0.0000000000E+00
   0.8150000000E+04  -0.3313516937E+02  -0.3335680260E+02   0.6878989751E-01   0.1528433385E+00  -0.1458279990E+02   0.1588940886E+03  -0.1224325769E+02   0.1363723345E+03  -0.3335471503E+02   0.5635705211E-03  -0.1280683329E+02   0.2603412365E+03   0.3330731258E+04   0.0000000000E+00
   0.8200000000E+04  -0.3313517722E+02  -0.3335934792E+02   0.7202476206E-01   0.1521459363E+00  -0.1456621648E+02   0.1587739561E+03  -0.1223748405E+02   0.1362348741E+03  -0.3335474328E+02   0.5602641932E-03  -0.1293078661E+02   0.2612581912E+03   0.3328841054E+04   0.0000000000E+00
   0.8250000000E+04  -0.3313517392E+02  -0.3335759015E+02   0.7017358081E-01   0.1522426477E+00  -0.1458686986E+02   0.1586934972E+03  -0.1223652655E+02   0.1361771018E+03  -0.3335476053E+02   0.5569174741E-03  -0.1305323744E+02   0.2621338580E+03   0.3326861942E+04   0.0000000000E+00
   0.8300000000E+04  -0.3313516447E+02  -0.3335598930E+02   0.6654790455E-01   0.1542769300E+00  -0.1453470155E+02   0.1587619489E+03  -0.1225001745E+02   0.1361907167E+03  -0.3335476793E+02   0.5535715907E-03  -0.1317421291E+02   0.2629695238E+03   0.3325356141E+04   0.0000000000E+00
   0.8350000000E+04  -0.3313518549E+02  -0.3336426934E+02   0.7290285360E-01   0.1561809911E+00  -0.1450119290E+02   0.1588927520E+03  -0.1226254397E+02   0.1362758268E+03  -0.3335482483E+02   0.5507941326E-03  -0.1329373969E+02   0.2637664401E+03   0.3324547106E+04   0.0000000000E+00
   0.8400000000E+04  -0.3313517079E+02  -0.3336347696E+02   0.7121265746E-01   0.1570935107E+00  -0.1453854843E+02   0.1590051609E+03  -0.1227220874E+02   0.1364233145E+03  -0.3335487633E+02   0.5479585354E-03  -0.1341184344E+02   0.2645258009E+03   0.3324186378E+04   0.0000000000E+00
   0.8450000000E+04  -0.3313518854E+02  -0.3336393575E+02   0.7115308455E-01   0.1575941267E+00  -0.1464363523E+02   0.1591096144E+03  -0.1228391408E+02   0.1366286531E+03  -0.3335492993E+02   0.5451989437E-03  -0.1352854963E+02   0.2652487754E+03   0.3324029384E+04   0.0000000000E+00
   0.8500000000E+04  -0.3313517578E+02  -0.3336073810E+02   0.6880589672E-01   0.1567564181E+00  -0.1464361910E+02   0.1593614866E+03  -0.1230543168E+02   0.1368769261E+03  -0.3335496410E+02   0.5421891640E-03  -0.1364388272E+02   0.2659364797E+03   0.3323843123E+04   0.0000000000E+00
   0.8550000000E+04  -0.3313518410E+02  -0.3335986958E+02   0.6877775372E-01   0.1559077345E+00  -0.1468336770E+02   0.1596122079E+03  -0.1232799392E+02   0.1371611490E+03  -0.3335499279E+02   0.5391583679E-03  -0.1375786694E+02   0.2665900039E+03   0.3323351669E+04   0.0000000000E+00
   0.8600000000E+04  -0.3313518604E+02  -0.3335802416E+02   0.6860510754E-01   0.1542330154E+00  -0.1473939373E+02   0.1598659569E+03  -0.1234913940E+02   0.1374660524E+03  -0.3335501041E+02   0.5360768414E-03  -0.1387052577E+02   0.2672103962E+03   0.3322543175E+04   0.0000000000E+00
   0.8650000000E+04  -0.3313518778E+02  -0.3335895197E+02   0.7064880448E-01   0.1531153858E+00  -0.1475885899E+02   0.1601670667E+03  -0.1236839740E+02   0.1377795945E+03  -0.3335503319E+02   0.5330674151E-03  -0.1398188220E+02   0.2677986711E+03   0.3321274224E+04   0.0000000000E+00
   0.8700000000E+04  -0.3313519006E+02  -0.3336089024E+02   0.6997314880E-01   0.1557270270E+00  -0.1479685433E+02   0.1604451841E+03  -0.1238738408E+02   0.1380877964E+03  -0.3335506686E+02   0.5301998308E-03  -0.1409195868E+02   0.2683558102E+03   0.3320266048E+04   0.0000000000E+00
   0.8750000000E+04  -0.3313518410E+02  -0.3336337301E+02   0.6785668409E-01   0.1603322298E+00  -0.1476147823E+02   0.1607772134E+03  -0.1240951530E+02   0.1383750015E+03  -0.3335511432E+02   0.5275621063E-03  -0.1420077711E+02   0.2688827609E+03   0.3320405513E+04   0.0000000000E+00
   0.8800000000E+04  -0.3313519899E+02  -0.3337443004E+02   0.7354549107E-01   0.1656855573E+00  -0.1486745928E+02   0.1609567937E+03  -0.1241784259E+02   0.1386468698E+03  -0.3335522407E+02   0.5266724186E-03  -0.1430835906E+02   0.2693804459E+03   0.3321936049E+04   0.0000000000E+00
   0.8850000000E+04  -0.3313519930E+02  -0.3337827393E+02   0.7322726105E-01   0.1698473697E+00  -0.1494592088E+02   0.1611331471E+03  -0.1242115303E+02   0.1388967734E+03  -0.3335535429E+02   0.5266815817E-03  -0.1441472539E+02   0.2698497506E+03   0.3324756464E+04   0.0000000000E+00
   0.8900000000E+04  -0.3313519357E+02  -0.3337580873E+02   0.6851006853E-01   0.1721050950E+00  -0.1484565672E+02   0.1614712477E+03  -0.1244197362E+02   0.1391305625E+03  -0.3335546921E+02   0.5260599635E-03  -0.1451989656E+02   0.2702915333E+03   0.3328376660E+04   0.0000000000E+00
   0.8950000000E+04  -0.3313519998E+02  -0.3337436166E+02   0.7061159034E-01   0.1685500896E+00  -0.1487208598E+02   0.1616666669E+03  -0.1245122250E+02   0.1393509463E+03  -0.3335557475E+02   0.5251039347E-03  -0.1462389266E+02   0.2707066287E+03   0.3331721795E+04   0.0000000000E+00
   0.9000000000E+04  -0.3313520235E+02  -0.3337104228E+02   0.7417084826E-01   0.1616690858E+00  -0.1494484376E+02   0.1617955311E+03  -0.1245421541E+02   0.1395549188E+03  -0.3335566068E+02   0.5235084427E-03  -0.1472673327E+02   0.2710958411E+03   0.3333454105E+04   0.0000000000E+00
   0.9050000000E+04  -0.3313519557E+02  -0.3336284251E+02   0.7312723711E-01   0.1545196996E+00  -0.1502359871E+02   0.1618836167E+03  -0.1245218225E+02   0.1397305560E+03  -0.3335570036E+02   0.5208995212E-03  -0.1482843749E+02   0.2714599485E+03   0.3333271526E+04   0.0000000000E+00
   0.9100000000E+04  -0.3313520330E+02  -0.3335431538E+02   0.7099725461E-01   0.1481148182E+00  -0.1490348347E+02   0.1621405001E+03  -0.1246629363E+02   0.1398714424E+03  -0.3335569275E+02   0.5180479177E-03  -0.1492902411E+02   0.2717997084E+03   0.3331413251E+04   0.0000000000E+00
   0.9150000000E+04  -0.3313519507E+02  -0.3334579174E+02   0.7013646351E-01   0.1404602102E+00  -0.1491037370E+02   0.1622334487E+03  -0.1247398539E+02   0.1399773932E+03  -0.3335563865E+02   0.5157498101E-03  -0.1502851138E+02   0.2721158487E+03   0.3327782543E+04   0.0000000000E+00
   0.9200000000E+04  -0.3313519989E+02  -0.3333954373E+02   0.7132705150E-01   0.1330167939E+00  -0.1494427542E+02   0.1622601390E+03  -0.1247672743E+02   0.1400433208E+03  -0.3335555117E+02   0.5143470303E-03  -0.1512691730E+02   0.2724090797E+03   0.3322333314E+04   0.0000000000E+00
   0.9250000000E+04  -0.3313520387E+02  -0.3333497236E+02   0.7203715812E-01   0.1277313373E+00  -0.1502763836E+02   0.1621931222E+03  -0.1246933379E+02   0.1400665342E+03  -0.3335543994E+02   0.5138435240E-03  -0.1522425939E+02   0.2726800870E+03   0.3315411761E+04   0.0000000000E+00
   0.9300000000E+04  -0.3313519692E+02  -0.3333071369E+02   0.7000109180E-01   0.1255156805E+00  -0.1485673862E+02   0.1623255456E+03  -0.1248066797E+02   0.1400288101E+03  -0.3335530700E+02   0.5143502804E-03  -0.1532055475E+02   0.2729295325E+03   0.3307792097E+04   0.0000000000E+00
   0.9350000000E+04  -0.3313519847E+02  -0.3333240340E+02   0.6990667239E-01   0.1272982619E+00  -0.1485553104E+02   0.1622303985E+03  -0.1247657664E+02   0.1399320935E+03  -0.3335518452E+02   0.5143899559E-03  -0.1541582023E+02   0.2731580612E+03   0.3300264623E+04   0.0000000000E+00
   0.9400000000E+04  -0.3313520613E+02  -0.3334271470E+02   0.7314013533E-01   0.1343684293E+00  -0.1491274782E+02   0.1620295093E+03  -0.1246258009E+02   0.1397824948E+03  -0.3335511819E+02   0.5124765485E-03  -0.1551007228E+02   0.2733662978E+03   0.3294076767E+04   0.0000000000E+00
   0.9450000000E+04  -0.3313520190E+02  -0.3335089548E+02   0.7134151172E-01   0.1443520723E+00  -0.1497598386E+02   0.1617827241E+03  -0.1244815801E+02   0.1395952783E+03  -0.3335509585E+02   0.5098588788E-03  -0.1560332693E+02   0.2735548442E+03   0.3290127815E+04   0.0000000000E+00
   0.9500000000E+04  -0.3313521128E+02  -0.3336154674E+02   0.7343198840E-01   0.1529034784E+00  -0.1492711915E+02   0.1616204401E+03  -0.1244354854E+02   0.1393749546E+03  -0.3335512980E+02   0.5073932796E-03  -0.1569560001E+02   0.2737242885E+03   0.3288499754E+04   0.0000000000E+00
   0.9550000000E+04  -0.3313520823E+02  -0.3336553921E+02   0.7261597182E-01   0.1577150133E+00  -0.1488618404E+02   0.1614186755E+03  -0.1243613672E+02   0.1391306531E+03  -0.3335518430E+02   0.5053011080E-03  -0.1578690686E+02   0.2738751958E+03   0.3288420987E+04   0.0000000000E+00
   0.9600000000E+04  -0.3313520250E+02  -0.3336647926E+02   0.7130496695E-01   0.1599717923E+00  -0.1481567053E+02   0.1612179557E+03  -0.1242955957E+02   0.1388605565E+03  -0.3335524313E+02   0.5033303296E-03  -0.1587726256E+02   0.2740081158E+03   0.3289071489E+04   0.0000000000E+00
   0.9650000000E+04  -0.3313520783E+02  -0.3336922166E+02   0.7281278305E-01   0.1612010504E+00  -0.1486941932E+02   0.1608734723E+03  -0.1241153848E+02   0.1385727497E+03  -0.3335531556E+02   0.5017295871E-03  -0.1596668197E+02   0.2741235840E+03   0.3290092692E+04   0.0000000000E+00
   0.9700000000E+04  -0.3313519313E+02  -0.3336646681E+02   0.6918860374E-01   0.1620850747E+00  -0.1489502230E+02   0.1605232994E+03  -0.1238939674E+02   0.1382578766E+03  -0.3335537304E+02   0.4997810302E-03  -0.1605517945E+02   0.2742221140E+03   0.3291291204E+04   0.0000000000E+00
   0.9750000000E+04  -0.3313521959E+02  -0.3337309777E+02   0.7535698096E-01   0.1625211962E+00  -0.1481477322E+02   0.1602770012E+03  -0.1238152613E+02   0.1379272501E+03  -0.3335546393E+02   0.4988208962E-03  -0.1614276940E+02   0.2743042146E+03   0.3292632398E+04   0.0000000000E+00
   0.9800000000E+04  -0.3313519471E+02  -0.3336827447E+02   0.7048176647E-01   0.1625979867E+00  -0.1481582569E+02   0.1599258338E+03  -0.1236210110E+02   0.1375880711E+03  -0.3335552929E+02   0.4971089145E-03  -0.1622946545E+02   0.2743703632E+03   0.3293992909E+04   0.0000000000E+00
   0.9850000000E+04  -0.3313521733E+02  -0.3337025220E+02   0.7350534791E-01   0.1615295217E+00  -0.1484052506E+02   0.1595637723E+03  -0.1234130831E+02   0.1372552515E+03  -0.3335560403E+02   0.4956802584E-03  -0.1631528145E+02   0.2744210399E+03   0.3295214884E+04   0.0000000000E+00
   0.9900000000E+04  -0.3313519978E+02  -0.3336657892E+02   0.7145983455E-01   0.1599192989E+00  -0.1490709301E+02   0.1591672487E+03  -0.1231806386E+02   0.1369362647E+03  -0.3335565946E+02   0.4937820745E-03  -0.1640023053E+02   0.2744566953E+03   0.3296101587E+04   0.0000000000E+00
   0.9950000000E+04  -0.3313521187E+02  -0.3336533860E+02   0.7294764343E-01   0.1571790844E+00  -0.1480605209E+02   0.1589690481E+03  -0.1231169891E+02   0.1366403382E+03  -0.3335570810E+02   0.4917691749E-03  -0.1648432591E+02   0.2744777786E+03   0.3296525232E+04   0.0000000000E+00
   0.1000000000E+05  -0.3313520461E+02  -0.3335942552E+02   0.7134020804E-01   0.1528806990E+00  -0.1475837828E+02   0.1587479071E+03  -0.1229800294E+02   0.1363817643E+03  -0.3335572668E+02   0.4893790797E-03  -0.1656758031E+02   0.2744847172E+03   0.3296171990E+04   0.0000000000E+00
   0.1005000000E+05  -0.3313958042E+02  -0.3335566268E+02   0.7156246878E-01   0.1445197917E+00  -0.1480950299E+02   0.1584781713E+03  -0.1227732590E+02   0.1361734055E+03  -0.3335572636E+02   0.4869443808E-03  -0.1648735344E+00   0.5436656472E+01   0.3099930868E+04   0.0000000000E+00
   0.1010000000E+05  -0.3313956017E+02  -0.3334731774E+02   0.6871560120E-01   0.1390419654E+00  -0.1484936109E+02   0.1582593968E+03  -0.1225886041E+02   0.1360086246E+03  -0.3335568474E+02   0.4848820572E-03  -0.3281145574E+00   0.1076591628E+02   0.3041743605E+04   0.0000000000E+00
   0.1015000000E+05  -0.3313960081E+02  -0.3334743435E+02   0.7452071553E-01   0.1333128252E+00  -0.1474213897E+02   0.1582471932E+03  -0.1226148490E+02   0.1358882908E+03  -0.3335564410E+02   0.4828271383E-03  -0.4897474946E+00   0.1599017390E+02   0.2984124361E+04   0.0000000000E+00
   0.1020000000E+05  -0.3313954646E+02  -0.3332885354E+02   0.6271881313E-01   0.1265882684E+00  -0.1474356718E+02   0.1581509067E+03  -0.1225170529E+02   0.1358150585E+03  -0.3335551277E+02   0.4839613960E-03  -0.6497955287E+00   0.2111171146E+02   0.2921942221E+04   0.0000000000E+00
   0.1025000000E+05  -0.3313959803E+02  -0.3333318808E+02   0.7274763645E-01   0.1208424130E+00  -0.1472549712E+02   0.1581478373E+03  -0.1224562006E+02   0.1357915099E+03  -0.3335540387E+02   0.4840199272E-03  -0.8082823702E+00   0.2613281560E+02   0.2857693805E+04   0.0000000000E+00
   0.1030000000E+05  -0.3313956405E+02  -0.3332730240E+02   0.6932210084E-01   0.1184162485E+00  -0.1480250072E+02   0.1580870450E+03  -0.1223578105E+02   0.1358166900E+03  -0.3335526745E+02   0.4854851657E-03  -0.9652303396E+00   0.3105565361E+02   0.2800472646E+04   0.0000000000E+00
   0.1035000000E+05  -0.3313958669E+02  -0.3333024079E+02   0.7080096877E-01   0.1198531347E+00  -0.1471164530E+02   0.1582570932E+03  -0.1224316587E+02   0.1358906702E+03  -0.3335514655E+02   0.4861509765E-03  -0.1120662013E+01   0.3588238134E+02   0.2758740662E+04   0.0000000000E+00
   0.1040000000E+05  -0.3313957919E+02  -0.3333374529E+02   0.7010634499E-01   0.1240597534E+00  -0.1478628702E+02   0.1583109755E+03  -0.1223916139E+02   0.1360169640E+03  -0.3335504366E+02   0.4860051163E-03  -0.1274599115E+01   0.4061507257E+02   0.2734994727E+04   0.0000000000E+00
   0.1045000000E+05  -0.3313957657E+02  -0.3334121407E+02   0.6992998873E-01   0.1317075119E+00  -0.1475986756E+02   0.1585256360E+03  -0.1224668866E+02   0.1361953720E+03  -0.3335497749E+02   0.4845904627E-03  -0.1427063122E+01   0.4525575895E+02   0.2730621237E+04   0.0000000000E+00
   0.1050000000E+05  -0.3313958662E+02  -0.3335124861E+02   0.7142247721E-01   0.1402395063E+00  -0.1473951618E+02   0.1588035851E+03  -0.1225769629E+02   0.1364394854E+03  -0.3335495973E+02   0.4823487866E-03  -0.1578075138E+01   0.4980642284E+02   0.2744679165E+04   0.0000000000E+00
   0.1055000000E+05  -0.3313958604E+02  -0.3335984779E+02   0.7227737884E-01   0.1479843729E+00  -0.1478439095E+02   0.1590915069E+03  -0.1226782809E+02   0.1367604740E+03  -0.3335498290E+02   0.4801754742E-03  -0.1727655759E+01   0.5426898946E+02   0.2771630512E+04   0.0000000000E+00
   0.1060000000E+05  -0.3313959172E+02  -0.3336836988E+02   0.7378671618E-01   0.1549914482E+00  -0.1480837395E+02   0.1594898231E+03  -0.1228486079E+02   0.1371688961E+03  -0.3335504605E+02   0.4787518440E-03  -0.1875825268E+01   0.5864534059E+02   0.2806758560E+04   0.0000000000E+00
   0.1065000000E+05  -0.3313959499E+02  -0.3337402921E+02   0.7344116789E-01   0.1609930599E+00  -0.1484331204E+02   0.1599624235E+03  -0.1230619316E+02   0.1376640463E+03  -0.3335513517E+02   0.4781880741E-03  -0.2022603529E+01   0.6293730826E+02   0.2847193107E+04   0.0000000000E+00
   0.1070000000E+05  -0.3313958557E+02  -0.3337637082E+02   0.7238671720E-01   0.1643985360E+00  -0.1488144776E+02   0.1605126605E+03  -0.1234034641E+02   0.1382392922E+03  -0.3335523440E+02   0.4780509603E-03  -0.2168009988E+01   0.6714667580E+02   0.2888730457E+04   0.0000000000E+00
   0.1075000000E+05  -0.3313960300E+02  -0.3338242972E+02   0.7712025863E-01   0.1657064567E+00  -0.1481763039E+02   0.1612345633E+03  -0.1238980569E+02   0.1388757611E+03  -0.3335536089E+02   0.4792513987E-03  -0.2312063909E+01   0.7127519356E+02   0.2927817449E+04   0.0000000000E+00
   0.1080000000E+05  -0.3313958382E+02  -0.3337923267E+02   0.7232942240E-01   0.1673194275E+00  -0.1492879787E+02   0.1618098689E+03  -0.1242333371E+02   0.1395548284E+03  -0.3335547141E+02   0.4796586763E-03  -0.2454783908E+01   0.7532455044E+02   0.2963531361E+04   0.0000000000E+00
   0.1085000000E+05  -0.3313960553E+02  -0.3338594458E+02   0.7543241175E-01   0.1709066416E+00  -0.1499325453E+02   0.1624617457E+03  -0.1245989001E+02   0.1402528642E+03  -0.3335561184E+02   0.4817078761E-03  -0.2596188616E+01   0.7929641565E+02   0.2998635225E+04   0.0000000000E+00
   0.1090000000E+05  -0.3313959668E+02  -0.3338606251E+02   0.7410782128E-01   0.1723580080E+00  -0.1513222959E+02   0.1630339801E+03  -0.1249099127E+02   0.1409540677E+03  -0.3335575152E+02   0.4837321051E-03  -0.2736295992E+01   0.8319239732E+02   0.3032966512E+04   0.0000000000E+00
   0.1095000000E+05  -0.3313959834E+02  -0.3338329525E+02   0.7254471794E-01   0.1711521980E+00  -0.1511024044E+02   0.1637475758E+03  -0.1253662538E+02   0.1416340384E+03  -0.3335587729E+02   0.4849716531E-03  -0.2875123857E+01   0.8701407572E+02   0.3063635940E+04   0.0000000000E+00
   0.1100000000E+05  -0.3313960147E+02  -0.3338435250E+02   0.7701940400E-01   0.1677316244E+00  -0.1510078585E+02   0.1644132749E+03  -0.1257875792E+02   0.1422759662E+03  -0.3335600672E+02   0.4864361081E-03  -0.3012689664E+01   0.9076299014E+02   0.3088698256E+04   0.0000000000E+00
   0.1105000000E+05  -0.3313961355E+02  -0.3337872702E+02   0.7678309549E-01   0.1623303785E+00  -0.1519010082E+02   0.1649104580E+03  -0.1260549406E+02   0.1428596157E+03  -0.3335610953E+02   0.4865602714E-03  -0.3149010587E+01   0.9444064454E+02   0.3106841702E+04   0.0000000000E+00
   0.1110000000E+05  -0.3313959090E+02  -0.3336742800E+02   0.7234863640E-01   0.1554884659E+00  -0.1524810109E+02   0.1653453392E+03  -0.1262984082E+02   0.1433560371E+03  -0.3335616051E+02   0.4849430209E-03  -0.3284103291E+01   0.9804849478E+02   0.3117337333E+04   0.0000000000E+00
   0.1115000000E+05  -0.3313962411E+02  -0.3336769525E+02   0.7891449083E-01   0.1491566504E+00  -0.1522262836E+02   0.1657714604E+03  -0.1265498379E+02   0.1437485090E+03  -0.3335621224E+02   0.4833623507E-03  -0.3417984550E+01   0.1015879860E+03   0.3120877132E+04   0.0000000000E+00
   0.1120000000E+05  -0.3313958733E+02  -0.3335062825E+02   0.6832730321E-01   0.1427136228E+00  -0.1525580495E+02   0.1659886300E+03  -0.1266117619E+02   0.1440139428E+03  -0.3335618731E+02   0.4813430621E-03  -0.3550670277E+01   0.1050604951E+03   0.3118586499E+04   0.0000000000E+00
   0.1125000000E+05  -0.3313961307E+02  -0.3335189149E+02   0.7442354876E-01   0.1378548778E+00  -0.1521753777E+02   0.1661693768E+03  -0.1266947638E+02   0.1441525447E+03  -0.3335616822E+02   0.4792854129E-03  -0.3682176689E+01   0.1084674014E+03   0.3111605236E+04   0.0000000000E+00
   0.1130000000E+05  -0.3313960491E+02  -0.3335216241E+02   0.7599965556E-01   0.1365578458E+00  -0.1532542881E+02   0.1660694778E+03  -0.1265932287E+02   0.1441634309E+03  -0.3335615049E+02   0.4772353691E-03  -0.3812519292E+01   0.1118100258E+03   0.3102689412E+04   0.0000000000E+00
   0.1135000000E+05  -0.3313960965E+02  -0.3335367294E+02   0.7418890179E-01   0.1398743886E+00  -0.1523226507E+02   0.1660451029E+03  -0.1265707283E+02   0.1440451341E+03  -0.3335613958E+02   0.4751599324E-03  -0.3941713523E+01   0.1150896703E+03   0.3095421250E+04   0.0000000000E+00
   0.1140000000E+05  -0.3313960891E+02  -0.3336020367E+02   0.7395863487E-01   0.1466361224E+00  -0.1508490086E+02   0.1659705728E+03  -0.1265145378E+02   0.1438185607E+03  -0.3335615740E+02   0.4731480224E-03  -0.4069774467E+01   0.1183076015E+03   0.3092737298E+04   0.0000000000E+00
   0.1145000000E+05  -0.3313962011E+02  -0.3336717712E+02   0.7488087008E-01   0.1526761427E+00  -0.1516824931E+02   0.1655776363E+03  -0.1261920452E+02   0.1435121559E+03  -0.3335620553E+02   0.4716098381E-03  -0.4196717025E+01   0.1214650606E+03   0.3095034577E+04   0.0000000000E+00
   0.1150000000E+05  -0.3313961467E+02  -0.3337053996E+02   0.7392600563E-01   0.1569992884E+00  -0.1526680395E+02   0.1650965780E+03  -0.1258133323E+02   0.1431381868E+03  -0.3335626785E+02   0.4704488506E-03  -0.4322555710E+01   0.1245632525E+03   0.3100831704E+04   0.0000000000E+00
   0.1155000000E+05  -0.3313962442E+02  -0.3337383333E+02   0.7671336952E-01   0.1574955429E+00  -0.1510724868E+02   0.1648310948E+03  -0.1256983334E+02   0.1427135493E+03  -0.3335634389E+02   0.4697421916E-03  -0.4447304925E+01   0.1276033619E+03   0.3107795810E+04   0.0000000000E+00
   0.1160000000E+05  -0.3313962053E+02  -0.3337039646E+02   0.7645010088E-01   0.1543258358E+00  -0.1499871974E+02   0.1644720139E+03  -0.1255355863E+02   0.1422545960E+03  -0.3335640446E+02   0.4685649562E-03  -0.4570978700E+01   0.1305865392E+03   0.3113290550E+04   0.0000000000E+00
   0.1165000000E+05  -0.3313962023E+02  -0.3336700480E+02   0.7807775968E-01   0.1493068141E+00  -0.1498602742E+02   0.1639873478E+03  -0.1252519833E+02   0.1417695907E+03  -0.3335644996E+02   0.4670341407E-03  -0.4693590895E+01   0.1335139121E+03   0.3115670941E+04   0.0000000000E+00
   0.1170000000E+05  -0.3313963532E+02  -0.3336223516E+02   0.7815544758E-01   0.1444443918E+00  -0.1509149092E+02   0.1633562230E+03  -0.1248644467E+02   0.1412608720E+03  -0.3335647468E+02   0.4651806851E-03  -0.4815155187E+01   0.1363865852E+03   0.3114787038E+04   0.0000000000E+00
   0.1175000000E+05  -0.3313961208E+02  -0.3335451516E+02   0.7442484158E-01   0.1404782350E+00  -0.1511429436E+02   0.1627778676E+03  -0.1245077651E+02   0.1407242532E+03  -0.3335646634E+02   0.4632174628E-03  -0.4935684791E+01   0.1392056249E+03   0.3111321818E+04   0.0000000000E+00
   0.1180000000E+05  -0.3313964048E+02  -0.3335614098E+02   0.7844698668E-01   0.1380535055E+00  -0.1498540098E+02   0.1623460909E+03  -0.1242781695E+02   0.1401692647E+03  -0.3335646496E+02   0.4612551236E-03  -0.5055193078E+01   0.1419720948E+03   0.3106151686E+04   0.0000000000E+00
   0.1185000000E+05  -0.3313962009E+02  -0.3335325860E+02   0.7472233919E-01   0.1389161801E+00  -0.1476627067E+02   0.1619971849E+03  -0.1241388578E+02   0.1396086099E+03  -0.3335645143E+02   0.4593520950E-03  -0.5173692770E+01   0.1446870102E+03   0.3100907679E+04   0.0000000000E+00
   0.1190000000E+05  -0.3313964301E+02  -0.3335911819E+02   0.7752576906E-01   0.1419494121E+00  -0.1479985233E+02   0.1614183475E+03  -0.1237993464E+02   0.1390682309E+03  -0.3335646264E+02   0.4574517995E-03  -0.5291196763E+01   0.1473513852E+03   0.3097092169E+04   0.0000000000E+00
   0.1195000000E+05  -0.3313962298E+02  -0.3335826291E+02   0.7268817623E-01   0.1459517481E+00  -0.1494258893E+02   0.1607499922E+03  -0.1233134603E+02   0.1385587040E+03  -0.3335647017E+02   0.4555512787E-03  -0.5407717374E+01   0.1499661908E+03   0.3095538874E+04   0.0000000000E+00
   0.1200000000E+05  -0.3313964231E+02  -0.3336494806E+02   0.7674918029E-01   0.1485565740E+00  -0.1492099598E+02   0.1603193292E+03  -0.1230491981E+02   0.1381081125E+03  -0.3335650550E+02   0.4539513784E-03  -0.5523267062E+01   0.1525323952E+03   0.3095760975E+04   0.0000000000E+00
   0.1205000000E+05  -0.3313963382E+02  -0.3336126342E+02   0.7257344496E-01   0.1490561585E+00  -0.1476624185E+02   0.1600944733E+03  -0.1229506777E+02   0.1377353404E+03  -0.3335652524E+02   0.4521613059E-03  -0.5637857795E+01   0.1550509294E+03   0.3096815993E+04   0.0000000000E+00
   0.1210000000E+05  -0.3313963596E+02  -0.3336037525E+02   0.7346059524E-01   0.1472787008E+00  -0.1476106635E+02   0.1598200164E+03  -0.1228052871E+02   0.1374611924E+03  -0.3335654115E+02   0.4503538676E-03  -0.5751501507E+01   0.1575227123E+03   0.3097332579E+04   0.0000000000E+00
   0.1215000000E+05  -0.3313964297E+02  -0.3336031499E+02   0.7613543629E-01   0.1445365846E+00  -0.1476832302E+02   0.1596326913E+03  -0.1226868594E+02   0.1372849241E+03  -0.3335655668E+02   0.4485589272E-03  -0.5864209908E+01   0.1599486411E+03   0.3096733462E+04   0.0000000000E+00
   0.1220000000E+05  -0.3313964100E+02  -0.3335479228E+02   0.7378112105E-01   0.1413701517E+00  -0.1475195046E+02   0.1595666880E+03  -0.1226945567E+02   0.1372078081E+03  -0.3335654945E+02   0.4467332774E-03  -0.5975994461E+01   0.1623295900E+03   0.3094625507E+04   0.0000000000E+00
   0.1225000000E+05  -0.3313963936E+02  -0.3335118697E+02   0.7273730747E-01   0.1388103029E+00  -0.1482131675E+02   0.1595118544E+03  -0.1226631514E+02   0.1372268621E+03  -0.3335652756E+02   0.4450267688E-03  -0.6086866481E+01   0.1646664158E+03   0.3091366347E+04   0.0000000000E+00
   0.1230000000E+05  -0.3313964450E+02  -0.3335096302E+02   0.7454134381E-01   0.1367771752E+00  -0.1487968674E+02   0.1595683621E+03  -0.1227406703E+02   0.1373394779E+03  -0.3335650494E+02   0.4433430754E-03  -0.6196837124E+01   0.1669599580E+03   0.3087109104E+04   0.0000000000E+00
   0.1235000000E+05  -0.3313965037E+02  -0.3335311891E+02   0.7655794293E-01   0.1369106013E+00  -0.1480085704E+02   0.1598506772E+03  -0.1229957741E+02   0.1375327833E+03  -0.3335649123E+02   0.4415943943E-03  -0.6305917339E+01   0.1692110361E+03   0.3082643044E+04   0.0000000000E+00
   0.1240000000E+05  -0.3313963772E+02  -0.3335271194E+02   0.7345210544E-01   0.1396221133E+00  -0.1477030289E+02   0.1601550743E+03  -0.1232601066E+02   0.1377987188E+03  -0.3335647599E+02   0.4398711326E-03  -0.6414117825E+01   0.1714204478E+03   0.3079049754E+04   0.0000000000E+00
   0.1245000000E+05  -0.3313964654E+02  -0.3335964696E+02   0.7571774741E-01   0.1442826672E+00  -0.1477037100E+02   0.1604938610E+03  -0.1235333133E+02   0.1381219977E+03  -0.3335648873E+02   0.4381448007E-03  -0.6521449265E+01   0.1735889817E+03   0.3077242133E+04   0.0000000000E+00
   0.1250000000E+05  -0.3313965115E+02  -0.3336600132E+02   0.7635857718E-01   0.1499915908E+00  -0.1490612082E+02   0.1607508772E+03  -0.1237182854E+02   0.1385024727E+03  -0.3335652678E+02   0.4367527315E-03  -0.6627922073E+01   0.1757174040E+03   0.3077732180E+04   0.0000000000E+00
   0.1255000000E+05  -0.3313964990E+02  -0.3336883537E+02   0.7424226743E-01   0.1549432044E+00  -0.1492681224E+02   0.1611693409E+03  -0.1240397249E+02   0.1389285874E+03  -0.3335657581E+02   0.4356138681E-03  -0.6733546486E+01   0.1778064639E+03   0.3080545784E+04   0.0000000000E+00
   0.1260000000E+05  -0.3313966041E+02  -0.3337051611E+02   0.7643892792E-01   0.1544167813E+00  -0.1491849119E+02   0.1616554835E+03  -0.1244641977E+02   0.1393913491E+03  -0.3335663113E+02   0.4346533399E-03  -0.6838332653E+01   0.1798568980E+03   0.3084102090E+04   0.0000000000E+00
   0.1265000000E+05  -0.3313965421E+02  -0.3336380689E+02   0.7595154030E-01   0.1482011414E+00  -0.1494480879E+02   0.1621018257E+03  -0.1248449686E+02   0.1398587098E+03  -0.3335665950E+02   0.4331380621E-03  -0.6942290446E+01   0.1818694212E+03   0.3086074695E+04   0.0000000000E+00
   0.1270000000E+05  -0.3313965182E+02  -0.3335450527E+02   0.7612702454E-01   0.1387264309E+00  -0.1498530560E+02   0.1624972800E+03  -0.1251669208E+02   0.1402937649E+03  -0.3335665101E+02   0.4314509927E-03  -0.7045429664E+01   0.1838447376E+03   0.3084675607E+04   0.0000000000E+00
   0.1275000000E+05  -0.3313964449E+02  -0.3334328720E+02   0.7367119074E-01   0.1299715257E+00  -0.1499865668E+02   0.1628492414E+03  -0.1254419674E+02   0.1406615557E+03  -0.3335659861E+02   0.4304566401E-03  -0.7147759918E+01   0.1857835340E+03   0.3079841748E+04   0.0000000000E+00
   0.1280000000E+05  -0.3313966222E+02  -0.3334115051E+02   0.7785420693E-01   0.1236340833E+00  -0.1498035280E+02   0.1631373568E+03  -0.1256542408E+02   0.1409267647E+03  -0.3335653826E+02   0.4297037301E-03  -0.7249290786E+01   0.1876864889E+03   0.3072223841E+04   0.0000000000E+00
   0.1285000000E+05  -0.3313963894E+02  -0.3334074550E+02   0.7520630791E-01   0.1259002500E+00  -0.1510940422E+02   0.1631513252E+03  -0.1256218915E+02   0.1410711703E+03  -0.3335647681E+02   0.4289984277E-03  -0.7350031440E+01   0.1895542532E+03   0.3064148934E+04   0.0000000000E+00
   0.1290000000E+05  -0.3313965996E+02  -0.3335625690E+02   0.7757882575E-01   0.1390181122E+00  -0.1510824124E+02   0.1631803247E+03  -0.1256181223E+02   0.1410836560E+03  -0.3335647596E+02   0.4273358300E-03  -0.7449991241E+01   0.1913874810E+03   0.3059328966E+04   0.0000000000E+00
   0.1295000000E+05  -0.3313965378E+02  -0.3337472927E+02   0.7616089086E-01   0.1589146046E+00  -0.1491786481E+02   0.1632865714E+03  -0.1256843009E+02   0.1409790649E+03  -0.3335654644E+02   0.4269673395E-03  -0.7549179127E+01   0.1931867983E+03   0.3060900749E+04   0.0000000000E+00
   0.1300000000E+05  -0.3313966366E+02  -0.3339322483E+02   0.7548966331E-01   0.1780715085E+00  -0.1496628375E+02   0.1630619318E+03  -0.1254535575E+02   0.1407916574E+03  -0.3335668751E+02   0.4304795054E-03  -0.7647604068E+01   0.1949528266E+03   0.3069426918E+04   0.0000000000E+00
   0.1305000000E+05  -0.3313966926E+02  -0.3340912403E+02   0.7789709696E-01   0.1915576682E+00  -0.1500983587E+02   0.1627827563E+03  -0.1251758107E+02   0.1405488906E+03  -0.3335688841E+02   0.4393246188E-03  -0.7745274816E+01   0.1966861704E+03   0.3083301047E+04   0.0000000000E+00
   0.1310000000E+05  -0.3313966438E+02  -0.3341754874E+02   0.7862347942E-01   0.1992608781E+00  -0.1500276001E+02   0.1625301076E+03  -0.1249743527E+02   0.1402871141E+03  -0.3335711994E+02   0.4516387633E-03  -0.7842199967E+01   0.1983874204E+03   0.3100161939E+04   0.0000000000E+00
   0.1315000000E+05  -0.3313966690E+02  -0.3342354041E+02   0.8213066115E-01   0.2017428489E+00  -0.1498049918E+02   0.1622939939E+03  -0.1247892130E+02   0.1400285707E+03  -0.3335737249E+02   0.4666321670E-03  -0.7938388054E+01   0.2000571584E+03   0.3118090416E+04   0.0000000000E+00
   0.1320000000E+05  -0.3313967543E+02  -0.3342577425E+02   0.8471600809E-01   0.2013828091E+00  -0.1496020458E+02   0.1620741460E+03  -0.1246195032E+02   0.1397915915E+03  -0.3335763159E+02   0.4825202172E-03  -0.8033847476E+01   0.2016959539E+03   0.3135691357E+04   0.0000000000E+00
   0.1325000000E+05  -0.3313965724E+02  -0.3341755356E+02   0.7884972403E-01   0.1990465948E+00  -0.1496279282E+02   0.1618397754E+03  -0.1244721431E+02   0.1395727093E+03  -0.3335785771E+02   0.4941978500E-03  -0.8128586380E+01   0.2033043586E+03   0.3152275429E+04   0.0000000000E+00
   0.1330000000E+05  -0.3313967898E+02  -0.3341535967E+02   0.8052316729E-01   0.1951575215E+00  -0.1490923784E+02   0.1616916737E+03  -0.1244316603E+02   0.1393745466E+03  -0.3335807388E+02   0.5047235895E-03  -0.8222613044E+01   0.2048829251E+03   0.3167347743E+04   0.0000000000E+00
   0.1335000000E+05  -0.3313967281E+02  -0.3340514773E+02   0.7678775417E-01   0.1886871640E+00  -0.1495313524E+02   0.1614504664E+03  -0.1242868650E+02   0.1391919569E+03  -0.3335825019E+02   0.5111015826E-03  -0.8315935365E+01   0.2064321821E+03   0.3180335113E+04   0.0000000000E+00
   0.1340000000E+05  -0.3313966570E+02  -0.3339344113E+02   0.7502472835E-01   0.1787507054E+00  -0.1493257455E+02   0.1612814557E+03  -0.1242029385E+02   0.1390166928E+03  -0.3335838150E+02   0.5137981502E-03  -0.8408561225E+01   0.2079526526E+03   0.3190381451E+04   0.0000000000E+00
   0.1345000000E+05  -0.3313968384E+02  -0.3338065445E+02   0.7753265016E-01   0.1634379598E+00  -0.1485890752E+02   0.1611697314E+03  -0.1241761762E+02   0.1388449480E+03  -0.3335846430E+02   0.5137254452E-03  -0.8500498484E+01   0.2094448535E+03   0.3196239012E+04   0.0000000000E+00
   0.1350000000E+05  -0.3313967320E+02  -0.3335932630E+02   0.7567512780E-01   0.1439779753E+00  -0.1482471073E+02   0.1610054190E+03  -0.1241256511E+02   0.1386693525E+03  -0.3335846749E+02   0.5118254996E-03  -0.8591754686E+01   0.2109092817E+03   0.3196590768E+04   0.0000000000E+00
   0.1355000000E+05  -0.3313967944E+02  -0.3333991610E+02   0.7607901418E-01   0.1241576441E+00  -0.1489029025E+02   0.1607289366E+03  -0.1239821356E+02   0.1384823876E+03  -0.3335839903E+02   0.5112021006E-03  -0.8682337435E+01   0.2123464319E+03   0.3190969047E+04   0.0000000000E+00
   0.1360000000E+05  -0.3313967440E+02  -0.3332538637E+02   0.7674764581E-01   0.1089643208E+00  -0.1483018486E+02   0.1605500277E+03  -0.1239063184E+02   0.1382602865E+03  -0.3335827766E+02   0.5133146997E-03  -0.8772254115E+01   0.2137567840E+03   0.3180368205E+04   0.0000000000E+00
   0.1365000000E+05  -0.3313967335E+02  -0.3331775191E+02   0.7679331237E-01   0.1012852535E+00  -0.1479316732E+02   0.1603133437E+03  -0.1237789946E+02   0.1379982171E+03  -0.3335812922E+02   0.5174282735E-03  -0.8861512060E+01   0.2151408110E+03   0.3166817667E+04   0.0000000000E+00
   0.1370000000E+05  -0.3313967522E+02  -0.3331502297E+02   0.7250410731E-01   0.1028436462E+00  -0.1479293389E+02   0.1600050326E+03  -0.1235805881E+02   0.1376986568E+03  -0.3335797190E+02   0.5222966620E-03  -0.8950118495E+01   0.2164989759E+03   0.3152891742E+04   0.0000000000E+00
   0.1375000000E+05  -0.3313967802E+02  -0.3332427839E+02   0.7397715072E-01   0.1106232262E+00  -0.1477626330E+02   0.1597022214E+03  -0.1233922822E+02   0.1373758979E+03  -0.3335784937E+02   0.5245105792E-03  -0.9038080530E+01   0.2178317324E+03   0.3140850048E+04   0.0000000000E+00
   0.1380000000E+05  -0.3313969074E+02  -0.3333839574E+02   0.7768973625E-01   0.1210152720E+00  -0.1464781205E+02   0.1595180306E+03  -0.1232685726E+02   0.1370531127E+03  -0.3335777889E+02   0.5239763832E-03  -0.9125405205E+01   0.2191395267E+03   0.3131725988E+04   0.0000000000E+00
   0.1385000000E+05  -0.3313968178E+02  -0.3334690133E+02   0.7548246346E-01   0.1317370813E+00  -0.1464032347E+02   0.1592377889E+03  -0.1230661920E+02   0.1367632475E+03  -0.3335773962E+02   0.5225103828E-03  -0.9212099344E+01   0.2204227904E+03   0.3125791286E+04   0.0000000000E+00
   0.1390000000E+05  -0.3313968223E+02  -0.3335513140E+02   0.7592770234E-01   0.1395214597E+00  -0.1466476293E+02   0.1589840482E+03  -0.1228719490E+02   0.1365318073E+03  -0.3335773024E+02   0.5206552312E-03  -0.9298169786E+01   0.2216819522E+03   0.3122503819E+04   0.0000000000E+00
   0.1395000000E+05  -0.3313968530E+02  -0.3336064010E+02   0.7612597093E-01   0.1448288203E+00  -0.1467836835E+02   0.1588181097E+03  -0.1227347505E+02   0.1363783076E+03  -0.3335774067E+02   0.5188193236E-03  -0.9383623247E+01   0.2229174310E+03   0.3120996823E+04   0.0000000000E+00
   0.1400000000E+05  -0.3313968680E+02  -0.3336421792E+02   0.7691384162E-01   0.1476172828E+00  -0.1465434206E+02   0.1587773468E+03  -0.1227218042E+02   0.1363103896E+03  -0.3335776380E+02   0.5171157011E-03  -0.9468466331E+01   0.2241296366E+03   0.3120526360E+04   0.0000000000E+00
   0.1405000000E+05  -0.3313968885E+02  -0.3336465187E+02   0.7497436748E-01   0.1499886499E+00  -0.1464065063E+02   0.1588133522E+03  -0.1227617322E+02   0.1363310298E+03  -0.3335778831E+02   0.5154436758E-03  -0.9552705557E+01   0.2253189715E+03   0.3120724550E+04   0.0000000000E+00
   0.1410000000E+05  -0.3313968384E+02  -0.3336661140E+02   0.7583716010E-01   0.1510904030E+00  -0.1466447947E+02   0.1588963283E+03  -0.1228234706E+02   0.1364339153E+03  -0.3335781960E+02   0.5138909353E-03  -0.9636347324E+01   0.2264858286E+03   0.3121333050E+04   0.0000000000E+00
   0.1415000000E+05  -0.3313969949E+02  -0.3337319993E+02   0.7906774672E-01   0.1544326937E+00  -0.1467685074E+02   0.1590731702E+03  -0.1229177357E+02   0.1366135593E+03  -0.3335787395E+02   0.5129079943E-03  -0.9719398038E+01   0.2276305981E+03   0.3122439384E+04   0.0000000000E+00
   0.1420000000E+05  -0.3313968221E+02  -0.3337518585E+02   0.7571291585E-01   0.1597907282E+00  -0.1469183585E+02   0.1593179344E+03  -0.1230596685E+02   0.1368668264E+03  -0.3335793491E+02   0.5121535530E-03  -0.9801863827E+01   0.2287536536E+03   0.3124697914E+04   0.0000000000E+00
   0.1425000000E+05  -0.3313969455E+02  -0.3338250403E+02   0.7820449793E-01   0.1646049761E+00  -0.1469745004E+02   0.1596542392E+03  -0.1232539817E+02   0.1371953131E+03  -0.3335802111E+02   0.5124671318E-03  -0.9883750953E+01   0.2298553715E+03   0.3128189432E+04   0.0000000000E+00
   0.1430000000E+05  -0.3313969688E+02  -0.3338651014E+02   0.7792792095E-01   0.1688853381E+00  -0.1472427226E+02   0.1600367208E+03  -0.1234729923E+02   0.1375936956E+03  -0.3335812073E+02   0.5135032150E-03  -0.9965065449E+01   0.2309361149E+03   0.3132666852E+04   0.0000000000E+00
   0.1435000000E+05  -0.3313970050E+02  -0.3339082194E+02   0.7837268811E-01   0.1727487465E+00  -0.1473775726E+02   0.1605003900E+03  -0.1237583589E+02   0.1380575306E+03  -0.3335823467E+02   0.5154270482E-03  -0.1004581331E+02   0.2319962413E+03   0.3138072722E+04   0.0000000000E+00
   0.1440000000E+05  -0.3313970283E+02  -0.3339315983E+02   0.7937312919E-01   0.1740838773E+00  -0.1477946011E+02   0.1609868040E+03  -0.1240206726E+02   0.1385750438E+03  -0.3335835594E+02   0.5178579679E-03  -0.1012600042E+02   0.2330361013E+03   0.3143965971E+04   0.0000000000E+00
   0.1445000000E+05  -0.3313970178E+02  -0.3339035902E+02   0.7840685583E-01   0.1722503806E+00  -0.1485486848E+02   0.1614710961E+03  -0.1242787681E+02   0.1391293843E+03  -0.3335846667E+02   0.5195977437E-03  -0.1020563261E+02   0.2340560380E+03   0.3149642125E+04   0.0000000000E+00
   0.1450000000E+05  -0.3313970678E+02  -0.3338640275E+02   0.7969201249E-01   0.1670039605E+00  -0.1496109548E+02   0.1619370551E+03  -0.1245562707E+02   0.1396967368E+03  -0.3335856300E+02   0.5204878669E-03  -0.1028471562E+02   0.2350563898E+03   0.3154307495E+04   0.0000000000E+00
   0.1455000000E+05  -0.3313971015E+02  -0.3338180236E+02   0.8191319019E-01   0.1601790199E+00  -0.1489284091E+02   0.1625687699E+03  -0.1249784718E+02   0.1402514759E+03  -0.3335864286E+02   0.5205487739E-03  -0.1036325512E+02   0.2360374873E+03   0.3157418506E+04   0.0000000000E+00
   0.1460000000E+05  -0.3313970661E+02  -0.3336953697E+02   0.7792641442E-01   0.1519039374E+00  -0.1494409015E+02   0.1630371837E+03  -0.1252106186E+02   0.1407760489E+03  -0.3335868017E+02   0.5191711241E-03  -0.1044125667E+02   0.2369996539E+03   0.3158760492E+04   0.0000000000E+00
   0.1465000000E+05  -0.3313970384E+02  -0.3335837973E+02   0.7690796678E-01   0.1417679248E+00  -0.1499685434E+02   0.1634473793E+03  -0.1254154547E+02   0.1412436784E+03  -0.3335867915E+02   0.5173995157E-03  -0.1051872577E+02   0.2379432083E+03   0.3157937383E+04   0.0000000000E+00
   0.1470000000E+05  -0.3313972199E+02  -0.3335199321E+02   0.8142183789E-01   0.1308493791E+00  -0.1506029913E+02   0.1637751027E+03  -0.1256323754E+02   0.1416343981E+03  -0.3335865641E+02   0.5157911835E-03  -0.1059566794E+02   0.2388684659E+03   0.3154751332E+04   0.0000000000E+00
   0.1475000000E+05  -0.3313970633E+02  -0.3333821216E+02   0.7777176552E-01   0.1207340654E+00  -0.1512812081E+02   0.1639837594E+03  -0.1257613928E+02   0.1419205825E+03  -0.3335858710E+02   0.5154547734E-03  -0.1067208840E+02   0.2397757282E+03   0.3149281246E+04   0.0000000000E+00
   0.1480000000E+05  -0.3313971949E+02  -0.3333300752E+02   0.8059586202E-01   0.1126921718E+00  -0.1506403650E+02   0.1642073969E+03  -0.1258846194E+02   0.1420814730E+03  -0.3335850069E+02   0.5159164280E-03  -0.1074799256E+02   0.2406653003E+03   0.3141955907E+04   0.0000000000E+00
   0.1485000000E+05  -0.3313970564E+02  -0.3332157608E+02   0.7494043112E-01   0.1069300132E+00  -0.1511203030E+02   0.1641724269E+03  -0.1257714596E+02   0.1421094664E+03  -0.3335837636E+02   0.5187545398E-03  -0.1082338554E+02   0.2415374731E+03   0.3133290144E+04   0.0000000000E+00
   0.1490000000E+05  -0.3313972087E+02  -0.3332001107E+02   0.7642641780E-01   0.1038637819E+00  -0.1505026778E+02   0.1641316595E+03  -0.1257254050E+02   0.1420100089E+03  -0.3335824762E+02   0.5219364245E-03  -0.1089827257E+02   0.2423925407E+03   0.3123888358E+04   0.0000000000E+00
   0.1495000000E+05  -0.3313971018E+02  -0.3332084468E+02   0.7772227235E-01   0.1034122276E+00  -0.1515564197E+02   0.1638034639E+03  -0.1255345243E+02   0.1417923878E+03  -0.3335812252E+02   0.5248540310E-03  -0.1097265865E+02   0.2432307834E+03   0.3114329585E+04   0.0000000000E+00
   0.1500000000E+05  -0.3313972410E+02  -0.3332485316E+02   0.7923874762E-01   0.1058903119E+00  -0.1511260423E+02   0.1635186114E+03  -0.1253439613E+02   0.1414665203E+03  -0.3335801163E+02   0.5267817207E-03  -0.1104654887E+02   0.2440524837E+03   0.3105203335E+04   0.0000000000E+00
