   -0.40000E+00    0.00000E+00    0.00000E+00
   -0.39519E+00    0.00000E+00    0.00000E+00
   -0.39038E+00    0.00000E+00    0.00000E+00
   -0.38557E+00    0.00000E+00    0.00000E+00
   -0.38076E+00    0.00000E+00    0.00000E+00
   -0.37595E+00    0.00000E+00    0.00000E+00
   -0.37114E+00    0.00000E+00    0.00000E+00
   -0.36633E+00    0.00000E+00    0.00000E+00
   -0.36152E+00    0.00000E+00    0.00000E+00
   -0.35671E+00    0.00000E+00    0.00000E+00
   -0.35190E+00    0.00000E+00    0.00000E+00
   -0.34709E+00    0.00000E+00    0.00000E+00
   -0.34228E+00    0.00000E+00    0.00000E+00
   -0.33747E+00    0.00000E+00    0.00000E+00
   -0.33267E+00    0.00000E+00    0.00000E+00
   -0.32786E+00    0.00000E+00    0.00000E+00
   -0.32305E+00    0.00000E+00    0.00000E+00
   -0.31824E+00    0.00000E+00    0.00000E+00
   -0.31343E+00    0.00000E+00    0.00000E+00
   -0.30862E+00    0.00000E+00    0.00000E+00
   -0.30381E+00    0.00000E+00    0.00000E+00
   -0.29900E+00    0.00000E+00    0.00000E+00
   -0.29419E+00    0.31108E-02    0.16156E-06
   -0.28938E+00    0.20263E+01    0.44348E-02
   -0.28457E+00    0.27513E+01    0.15450E-01
   -0.27976E+00    0.35979E+01    0.31304E-01
   -0.27495E+00    0.40860E+01    0.49568E-01
   -0.27014E+00    0.46927E+01    0.70671E-01
   -0.26533E+00    0.52110E+01    0.94742E-01
   -0.26052E+00    0.55755E+01    0.12061E+00
   -0.25571E+00    0.59543E+01    0.14834E+00
   -0.25090E+00    0.64318E+01    0.17810E+00
   -0.24609E+00    0.68541E+01    0.21017E+00
   -0.24128E+00    0.71194E+01    0.24372E+00
   -0.23647E+00    0.74207E+01    0.27869E+00
   -0.23166E+00    0.77708E+01    0.31521E+00
   -0.22685E+00    0.81377E+01    0.35346E+00
   -0.22204E+00    0.99366E+01    0.39444E+00
   -0.21723E+00    0.10114E+02    0.44587E+00
   -0.21242E+00    0.10206E+02    0.49483E+00
   -0.20762E+00    0.92589E+01    0.54116E+00
   -0.20281E+00    0.88887E+01    0.58481E+00
   -0.19800E+00    0.85115E+01    0.62672E+00
   -0.19319E+00    0.78294E+01    0.66573E+00
   -0.18838E+00    0.10586E+02    0.71190E+00
   -0.18357E+00    0.10810E+02    0.76210E+00
   -0.17876E+00    0.10891E+02    0.81521E+00
   -0.17395E+00    0.11111E+02    0.86795E+00
   -0.16914E+00    0.11566E+02    0.92240E+00
   -0.16433E+00    0.11730E+02    0.97856E+00
   -0.15952E+00    0.12056E+02    0.10358E+01
   -0.15471E+00    0.12433E+02    0.10946E+01
   -0.14990E+00    0.12554E+02    0.11585E+01
   -0.14509E+00    0.13069E+02    0.12202E+01
   -0.14028E+00    0.13136E+02    0.12828E+01
   -0.13547E+00    0.13322E+02    0.13465E+01
   -0.13066E+00    0.13878E+02    0.14114E+01
   -0.12585E+00    0.14250E+02    0.14793E+01
   -0.12104E+00    0.15181E+02    0.15584E+01
   -0.11623E+00    0.14755E+02    0.16304E+01
   -0.11142E+00    0.13932E+02    0.16985E+01
   -0.10661E+00    0.13951E+02    0.17655E+01
   -0.10180E+00    0.14801E+02    0.18346E+01
   -0.96994E-01    0.15001E+02    0.19064E+01
   -0.92184E-01    0.16299E+02    0.19873E+01
   -0.87375E-01    0.17088E+02    0.20674E+01
   -0.82565E-01    0.17788E+02    0.21511E+01
   -0.77756E-01    0.19542E+02    0.22400E+01
   -0.72946E-01    0.23618E+02    0.23460E+01
   -0.68136E-01    0.19926E+02    0.24514E+01
   -0.63327E-01    0.19354E+02    0.25453E+01
   -0.58517E-01    0.18610E+02    0.26358E+01
   -0.53707E-01    0.19997E+02    0.27334E+01
   -0.48898E-01    0.18740E+02    0.28252E+01
   -0.44088E-01    0.16662E+02    0.29113E+01
   -0.39279E-01    0.16059E+02    0.29894E+01
   -0.34469E-01    0.16569E+02    0.30673E+01
   -0.29659E-01    0.17275E+02    0.31478E+01
   -0.24850E-01    0.15290E+02    0.32272E+01
   -0.20040E-01    0.15424E+02    0.32989E+01
   -0.15230E-01    0.15271E+02    0.33708E+01
   -0.10421E-01    0.13476E+02    0.34413E+01
   -0.56112E-02    0.13596E+02    0.35062E+01
   -0.80160E-03    0.13354E+02    0.35712E+01
    0.40080E-02    0.13489E+02    0.36354E+01
    0.88176E-02    0.12608E+02    0.37001E+01
    0.13627E-01    0.14055E+02    0.37662E+01
    0.18437E-01    0.13416E+02    0.38333E+01
    0.23246E-01    0.13472E+02    0.38963E+01
    0.28056E-01    0.13959E+02    0.39629E+01
    0.32866E-01    0.14260E+02    0.40315E+01
    0.37675E-01    0.14192E+02    0.41064E+01
    0.42485E-01    0.13129E+02    0.41702E+01
    0.47295E-01    0.12868E+02    0.42334E+01
    0.52104E-01    0.14169E+02    0.42981E+01
    0.56914E-01    0.16538E+02    0.43709E+01
    0.61723E-01    0.17434E+02    0.44546E+01
    0.66533E-01    0.20175E+02    0.45450E+01
    0.71343E-01    0.24536E+02    0.46544E+01
    0.76152E-01    0.32501E+02    0.47870E+01
    0.80962E-01    0.41446E+02    0.49602E+01
    0.85772E-01    0.31286E+02    0.51330E+01
    0.90581E-01    0.33835E+02    0.52851E+01
    0.95391E-01    0.25961E+02    0.54287E+01
    0.10020E+00    0.21559E+02    0.55371E+01
    0.10501E+00    0.20213E+02    0.56375E+01
    0.10982E+00    0.19322E+02    0.57323E+01
    0.11463E+00    0.18539E+02    0.58233E+01
    0.11944E+00    0.17894E+02    0.59110E+01
    0.12425E+00    0.17183E+02    0.59953E+01
    0.12906E+00    0.16584E+02    0.60763E+01
    0.13387E+00    0.16491E+02    0.61557E+01
    0.13868E+00    0.16664E+02    0.62353E+01
    0.14349E+00    0.17840E+02    0.63168E+01
    0.14830E+00    0.15367E+02    0.63955E+01
    0.15311E+00    0.14482E+02    0.64675E+01
    0.15792E+00    0.13691E+02    0.65337E+01
    0.16273E+00    0.17702E+02    0.66073E+01
    0.16754E+00    0.21983E+02    0.67038E+01
    0.17234E+00    0.25645E+02    0.68182E+01
    0.17715E+00    0.28828E+02    0.69482E+01
    0.18196E+00    0.30620E+02    0.71055E+01
    0.18677E+00    0.29247E+02    0.72444E+01
    0.19158E+00    0.29888E+02    0.73881E+01
    0.19639E+00    0.29092E+02    0.75300E+01
    0.20120E+00    0.27479E+02    0.76705E+01
    0.20601E+00    0.20833E+02    0.77854E+01
    0.21082E+00    0.25144E+02    0.78789E+01
    0.21563E+00    0.25929E+02    0.79844E+01
    0.22044E+00    0.29076E+02    0.81190E+01
    0.22525E+00    0.31237E+02    0.82689E+01
    0.23006E+00    0.29648E+02    0.84149E+01
    0.23487E+00    0.31023E+02    0.85595E+01
    0.23968E+00    0.30903E+02    0.87081E+01
    0.24449E+00    0.30593E+02    0.88557E+01
    0.24930E+00    0.32417E+02    0.90050E+01
    0.25411E+00    0.38284E+02    0.91778E+01
    0.25892E+00    0.39673E+02    0.93672E+01
    0.26373E+00    0.39260E+02    0.95693E+01
    0.26854E+00    0.41424E+02    0.97564E+01
    0.27335E+00    0.38190E+02    0.99431E+01
    0.27816E+00    0.39676E+02    0.10136E+02
    0.28297E+00    0.41138E+02    0.10330E+02
    0.28778E+00    0.44172E+02    0.10535E+02
    0.29259E+00    0.46290E+02    0.10757E+02
    0.29739E+00    0.44593E+02    0.10980E+02
    0.30220E+00    0.38801E+02    0.11178E+02
    0.30701E+00    0.37056E+02    0.11365E+02
    0.31182E+00    0.38256E+02    0.11543E+02
    0.31663E+00    0.39257E+02    0.11731E+02
    0.32144E+00    0.36411E+02    0.11912E+02
    0.32625E+00    0.36800E+02    0.12085E+02
    0.33106E+00    0.38776E+02    0.12268E+02
    0.33587E+00    0.42913E+02    0.12470E+02
    0.34068E+00    0.38258E+02    0.12661E+02
    0.34549E+00    0.38060E+02    0.12843E+02
    0.35030E+00    0.36641E+02    0.13028E+02
    0.35511E+00    0.34920E+02    0.13198E+02
    0.35992E+00    0.35067E+02    0.13366E+02
    0.36473E+00    0.39150E+02    0.13551E+02
    0.36954E+00    0.33340E+02    0.13720E+02
    0.37435E+00    0.43558E+02    0.13892E+02
    0.37916E+00    0.34908E+02    0.14066E+02
    0.38397E+00    0.72939E+02    0.14240E+02
    0.38878E+00    0.29801E+02    0.14463E+02
    0.39359E+00    0.21968E+02    0.14591E+02
    0.39840E+00    0.14310E+02    0.14672E+02
    0.40321E+00    0.19919E+02    0.14755E+02
    0.40802E+00    0.72667E+02    0.14900E+02
    0.41283E+00    0.28324E+02    0.15046E+02
    0.41764E+00    0.30299E+02    0.15183E+02
    0.42244E+00    0.17735E+02    0.15282E+02
    0.42725E+00    0.16504E+02    0.15366E+02
    0.43206E+00    0.14887E+02    0.15441E+02
    0.43687E+00    0.13823E+02    0.15509E+02
    0.44168E+00    0.13128E+02    0.15574E+02
    0.44649E+00    0.12402E+02    0.15636E+02
    0.45130E+00    0.10983E+02    0.15691E+02
    0.45611E+00    0.10096E+02    0.15742E+02
    0.46092E+00    0.90348E+01    0.15788E+02
    0.46573E+00    0.82664E+01    0.15829E+02
    0.47054E+00    0.76924E+01    0.15869E+02
    0.47535E+00    0.60202E+01    0.15901E+02
    0.48016E+00    0.50640E+01    0.15928E+02
    0.48497E+00    0.57724E+01    0.15955E+02
    0.48978E+00    0.32619E+01    0.15979E+02
    0.49459E+00    0.19166E+01    0.15991E+02
    0.49940E+00    0.52222E+00    0.15999E+02
    0.50421E+00    0.00000E+00    0.16000E+02
    0.50902E+00    0.00000E+00    0.16000E+02
    0.51383E+00    0.00000E+00    0.16000E+02
    0.51864E+00    0.00000E+00    0.16000E+02
    0.52345E+00    0.00000E+00    0.16000E+02
    0.52826E+00    0.00000E+00    0.16000E+02
    0.53307E+00    0.00000E+00    0.16000E+02
    0.53788E+00    0.00000E+00    0.16000E+02
    0.54269E+00    0.00000E+00    0.16000E+02
    0.54749E+00    0.00000E+00    0.16000E+02
    0.55230E+00    0.00000E+00    0.16000E+02
    0.55711E+00    0.00000E+00    0.16000E+02
    0.56192E+00    0.00000E+00    0.16000E+02
    0.56673E+00    0.00000E+00    0.16000E+02
    0.57154E+00    0.00000E+00    0.16000E+02
    0.57635E+00    0.00000E+00    0.16000E+02
    0.58116E+00    0.00000E+00    0.16000E+02
    0.58597E+00    0.00000E+00    0.16000E+02
    0.59078E+00    0.00000E+00    0.16000E+02
    0.59559E+00    0.00000E+00    0.16000E+02
    0.60040E+00    0.00000E+00    0.16000E+02
    0.60521E+00    0.00000E+00    0.16000E+02
    0.61002E+00    0.00000E+00    0.16000E+02
    0.61483E+00    0.00000E+00    0.16000E+02
    0.61964E+00    0.00000E+00    0.16000E+02
    0.62445E+00    0.00000E+00    0.16000E+02
    0.62926E+00    0.00000E+00    0.16000E+02
    0.63407E+00    0.00000E+00    0.16000E+02
    0.63888E+00    0.00000E+00    0.16000E+02
    0.64369E+00    0.00000E+00    0.16000E+02
    0.64850E+00    0.00000E+00    0.16000E+02
    0.65331E+00    0.00000E+00    0.16000E+02
    0.65812E+00    0.00000E+00    0.16000E+02
    0.66293E+00    0.16367E+00    0.16000E+02
    0.66774E+00    0.18390E+01    0.16004E+02
    0.67255E+00    0.47011E+01    0.16020E+02
    0.67735E+00    0.79973E+01    0.16051E+02
    0.68216E+00    0.91130E+01    0.16093E+02
    0.68697E+00    0.90715E+01    0.16135E+02
    0.69178E+00    0.12125E+02    0.16187E+02
    0.69659E+00    0.13161E+02    0.16248E+02
    0.70140E+00    0.15698E+02    0.16317E+02
    0.70621E+00    0.27268E+02    0.16416E+02
    0.71102E+00    0.21703E+02    0.16525E+02
    0.71583E+00    0.20755E+02    0.16627E+02
    0.72064E+00    0.22530E+02    0.16734E+02
    0.72545E+00    0.22571E+02    0.16842E+02
    0.73026E+00    0.23669E+02    0.16955E+02
    0.73507E+00    0.25194E+02    0.17072E+02
    0.73988E+00    0.27197E+02    0.17197E+02
    0.74469E+00    0.29920E+02    0.17336E+02
    0.74950E+00    0.32342E+02    0.17484E+02
    0.75431E+00    0.33887E+02    0.17647E+02
    0.75912E+00    0.32353E+02    0.17805E+02
    0.76393E+00    0.32186E+02    0.17960E+02
    0.76874E+00    0.32662E+02    0.18115E+02
    0.77355E+00    0.34004E+02    0.18275E+02
    0.77836E+00    0.36137E+02    0.18444E+02
    0.78317E+00    0.40773E+02    0.18631E+02
    0.78798E+00    0.44002E+02    0.18835E+02
    0.79279E+00    0.44887E+02    0.19046E+02
    0.79760E+00    0.46399E+02    0.19266E+02
    0.80240E+00    0.53041E+02    0.19495E+02
    0.80721E+00    0.58431E+02    0.19760E+02
    0.81202E+00    0.76740E+02    0.20106E+02
    0.81683E+00    0.62660E+02    0.20402E+02
    0.82164E+00    0.36960E+02    0.20626E+02
    0.82645E+00    0.35845E+02    0.20791E+02
    0.83126E+00    0.48422E+02    0.20989E+02
    0.83607E+00    0.56054E+02    0.21239E+02
    0.84088E+00    0.45796E+02    0.21480E+02
    0.84569E+00    0.47549E+02    0.21705E+02
    0.85050E+00    0.54375E+02    0.21952E+02
    0.85531E+00    0.51165E+02    0.22207E+02
    0.86012E+00    0.47880E+02    0.22447E+02
    0.86493E+00    0.49128E+02    0.22679E+02
    0.86974E+00    0.43476E+02    0.22905E+02
    0.87455E+00    0.41492E+02    0.23105E+02
    0.87936E+00    0.43633E+02    0.23307E+02
    0.88417E+00    0.46081E+02    0.23542E+02
    0.88898E+00    0.39336E+02    0.23742E+02
    0.89379E+00    0.42962E+02    0.23940E+02
    0.89860E+00    0.39561E+02    0.24139E+02
    0.90341E+00    0.43321E+02    0.24331E+02
    0.90822E+00    0.33704E+02    0.24504E+02
    0.91303E+00    0.23518E+02    0.24657E+02
    0.91784E+00    0.23285E+02    0.24767E+02
    0.92265E+00    0.31555E+02    0.24892E+02
    0.92745E+00    0.33755E+02    0.25042E+02
    0.93226E+00    0.32888E+02    0.25209E+02
    0.93707E+00    0.37717E+02    0.25364E+02
    0.94188E+00    0.28659E+02    0.25518E+02
    0.94669E+00    0.26402E+02    0.25650E+02
    0.95150E+00    0.28950E+02    0.25783E+02
    0.95631E+00    0.33437E+02    0.25940E+02
    0.96112E+00    0.31099E+02    0.26101E+02
    0.96593E+00    0.36084E+02    0.26258E+02
    0.97074E+00    0.48599E+02    0.26453E+02
    0.97555E+00    0.46748E+02    0.26696E+02
    0.98036E+00    0.38179E+02    0.26897E+02
    0.98517E+00    0.35794E+02    0.27071E+02
    0.98998E+00    0.36108E+02    0.27244E+02
    0.99479E+00    0.37194E+02    0.27420E+02
    0.99960E+00    0.37372E+02    0.27601E+02
    0.10044E+01    0.40591E+02    0.27779E+02
    0.10092E+01    0.48137E+02    0.27993E+02
    0.10140E+01    0.48288E+02    0.28235E+02
    0.10188E+01    0.61140E+02    0.28490E+02
    0.10236E+01    0.59077E+02    0.28804E+02
    0.10285E+01    0.38228E+02    0.29027E+02
    0.10333E+01    0.42833E+02    0.29218E+02
    0.10381E+01    0.42643E+02    0.29424E+02
    0.10429E+01    0.43964E+02    0.29633E+02
    0.10477E+01    0.52295E+02    0.29871E+02
    0.10525E+01    0.66168E+02    0.30149E+02
    0.10573E+01    0.54812E+02    0.30430E+02
    0.10621E+01    0.42108E+02    0.30664E+02
    0.10669E+01    0.37196E+02    0.30852E+02
    0.10717E+01    0.33994E+02    0.31023E+02
    0.10766E+01    0.32922E+02    0.31183E+02
    0.10814E+01    0.31542E+02    0.31338E+02
    0.10862E+01    0.31225E+02    0.31487E+02
    0.10910E+01    0.61802E+02    0.31635E+02
    0.10958E+01    0.13058E+02    0.31713E+02
    0.11006E+01    0.11288E+02    0.31772E+02
    0.11054E+01    0.99361E+01    0.31823E+02
    0.11102E+01    0.90507E+01    0.31868E+02
    0.11150E+01    0.89099E+01    0.31912E+02
    0.11198E+01    0.65468E+01    0.31949E+02
    0.11246E+01    0.47804E+01    0.31976E+02
    0.11295E+01    0.25968E+01    0.31995E+02
    0.11343E+01    0.14178E+00    0.32000E+02
    0.11391E+01    0.29990E+00    0.32001E+02
    0.11439E+01    0.64887E+00    0.32003E+02
    0.11487E+01    0.11309E+01    0.32007E+02
    0.11535E+01    0.17833E+01    0.32014E+02
    0.11583E+01    0.33517E+01    0.32026E+02
    0.11631E+01    0.77133E+01    0.32060E+02
    0.11679E+01    0.67135E+01    0.32094E+02
    0.11727E+01    0.68020E+01    0.32126E+02
    0.11776E+01    0.83248E+01    0.32160E+02
    0.11824E+01    0.86966E+01    0.32201E+02
    0.11872E+01    0.97462E+01    0.32245E+02
    0.11920E+01    0.11188E+02    0.32296E+02
    0.11968E+01    0.13422E+02    0.32353E+02
    0.12016E+01    0.15907E+02    0.32426E+02
    0.12064E+01    0.15264E+02    0.32502E+02
    0.12112E+01    0.15509E+02    0.32576E+02
    0.12160E+01    0.15930E+02    0.32651E+02
    0.12208E+01    0.16347E+02    0.32729E+02
    0.12257E+01    0.16867E+02    0.32809E+02
    0.12305E+01    0.17671E+02    0.32891E+02
    0.12353E+01    0.19076E+02    0.32983E+02
    0.12401E+01    0.20630E+02    0.33078E+02
    0.12449E+01    0.26610E+02    0.33189E+02
    0.12497E+01    0.28362E+02    0.33317E+02
    0.12545E+01    0.27809E+02    0.33457E+02
    0.12593E+01    0.29263E+02    0.33587E+02
    0.12641E+01    0.43347E+02    0.33764E+02
    0.12689E+01    0.49792E+02    0.33997E+02
    0.12737E+01    0.51470E+02    0.34234E+02
    0.12786E+01    0.50829E+02    0.34486E+02
    0.12834E+01    0.52032E+02    0.34727E+02
    0.12882E+01    0.62318E+02    0.34983E+02
    0.12930E+01    0.91521E+02    0.35367E+02
    0.12978E+01    0.54186E+02    0.35729E+02
    0.13026E+01    0.44642E+02    0.35954E+02
    0.13074E+01    0.45407E+02    0.36172E+02
    0.13122E+01    0.46687E+02    0.36398E+02
    0.13170E+01    0.34978E+02    0.36588E+02
    0.13218E+01    0.27851E+02    0.36740E+02
    0.13267E+01    0.31457E+02    0.36885E+02
    0.13315E+01    0.31891E+02    0.37035E+02
    0.13363E+01    0.33379E+02    0.37193E+02
    0.13411E+01    0.34005E+02    0.37359E+02
    0.13459E+01    0.35423E+02    0.37524E+02
    0.13507E+01    0.40204E+02    0.37704E+02
    0.13555E+01    0.43761E+02    0.37905E+02
    0.13603E+01    0.45143E+02    0.38123E+02
    0.13651E+01    0.43600E+02    0.38336E+02
    0.13699E+01    0.41588E+02    0.38541E+02
    0.13747E+01    0.40840E+02    0.38739E+02
    0.13796E+01    0.39364E+02    0.38931E+02
    0.13844E+01    0.41644E+02    0.39130E+02
    0.13892E+01    0.36246E+02    0.39319E+02
    0.13940E+01    0.33627E+02    0.39489E+02
    0.13988E+01    0.28131E+02    0.39637E+02
    0.14036E+01    0.26404E+02    0.39770E+02
    0.14084E+01    0.22920E+02    0.39885E+02
    0.14132E+01    0.25064E+02    0.40006E+02
    0.14180E+01    0.11968E+02    0.40096E+02
    0.14228E+01    0.12392E+02    0.40151E+02
    0.14277E+01    0.13835E+02    0.40217E+02
    0.14325E+01    0.14215E+02    0.40284E+02
    0.14373E+01    0.16513E+02    0.40354E+02
    0.14421E+01    0.17122E+02    0.40439E+02
    0.14469E+01    0.16385E+02    0.40519E+02
    0.14517E+01    0.14848E+02    0.40595E+02
    0.14565E+01    0.13637E+02    0.40663E+02
    0.14613E+01    0.12722E+02    0.40727E+02
    0.14661E+01    0.12050E+02    0.40786E+02
    0.14709E+01    0.11835E+02    0.40844E+02
    0.14758E+01    0.11202E+02    0.40899E+02
    0.14806E+01    0.10826E+02    0.40953E+02
    0.14854E+01    0.10446E+02    0.41004E+02
    0.14902E+01    0.99404E+01    0.41053E+02
    0.14950E+01    0.94040E+01    0.41099E+02
    0.14998E+01    0.90083E+01    0.41144E+02
    0.15046E+01    0.85212E+01    0.41186E+02
    0.15094E+01    0.82170E+01    0.41226E+02
    0.15142E+01    0.79544E+01    0.41265E+02
    0.15190E+01    0.78126E+01    0.41303E+02
    0.15238E+01    0.77989E+01    0.41340E+02
    0.15287E+01    0.75435E+01    0.41377E+02
    0.15335E+01    0.72827E+01    0.41413E+02
    0.15383E+01    0.70767E+01    0.41447E+02
    0.15431E+01    0.64297E+01    0.41479E+02
    0.15479E+01    0.60930E+01    0.41509E+02
    0.15527E+01    0.59410E+01    0.41538E+02
    0.15575E+01    0.57665E+01    0.41566E+02
    0.15623E+01    0.55719E+01    0.41594E+02
    0.15671E+01    0.53845E+01    0.41620E+02
    0.15719E+01    0.52002E+01    0.41645E+02
    0.15768E+01    0.50659E+01    0.41670E+02
    0.15816E+01    0.50086E+01    0.41694E+02
    0.15864E+01    0.50411E+01    0.41718E+02
    0.15912E+01    0.48582E+01    0.41742E+02
    0.15960E+01    0.43919E+01    0.41765E+02
    0.16008E+01    0.39818E+01    0.41785E+02
    0.16056E+01    0.36513E+01    0.41803E+02
    0.16104E+01    0.33889E+01    0.41820E+02
    0.16152E+01    0.31197E+01    0.41835E+02
    0.16200E+01    0.29134E+01    0.41850E+02
    0.16248E+01    0.26981E+01    0.41863E+02
    0.16297E+01    0.24969E+01    0.41876E+02
    0.16345E+01    0.22901E+01    0.41887E+02
    0.16393E+01    0.21398E+01    0.41898E+02
    0.16441E+01    0.19754E+01    0.41908E+02
    0.16489E+01    0.18059E+01    0.41917E+02
    0.16537E+01    0.16045E+01    0.41925E+02
    0.16585E+01    0.14772E+01    0.41933E+02
    0.16633E+01    0.13796E+01    0.41939E+02
    0.16681E+01    0.13100E+01    0.41946E+02
    0.16729E+01    0.12658E+01    0.41952E+02
    0.16778E+01    0.11073E+01    0.41958E+02
    0.16826E+01    0.10036E+01    0.41963E+02
    0.16874E+01    0.92043E+00    0.41968E+02
    0.16922E+01    0.84423E+00    0.41972E+02
    0.16970E+01    0.77497E+00    0.41976E+02
    0.17018E+01    0.70651E+00    0.41979E+02
    0.17066E+01    0.63725E+00    0.41982E+02
    0.17114E+01    0.56544E+00    0.41985E+02
    0.17162E+01    0.48850E+00    0.41988E+02
    0.17210E+01    0.41640E+00    0.41990E+02
    0.17259E+01    0.34862E+00    0.41992E+02
    0.17307E+01    0.28858E+00    0.41993E+02
    0.17355E+01    0.23729E+00    0.41995E+02
    0.17403E+01    0.18866E+00    0.41996E+02
    0.17451E+01    0.14268E+00    0.41996E+02
    0.17499E+01    0.10011E+00    0.41997E+02
    0.17547E+01    0.78385E-01    0.41997E+02
    0.17595E+01    0.63414E-01    0.41998E+02
    0.17643E+01    0.53632E-01    0.41998E+02
    0.17691E+01    0.45456E-01    0.41998E+02
    0.17739E+01    0.38788E-01    0.41999E+02
    0.17788E+01    0.33298E-01    0.41999E+02
    0.17836E+01    0.28788E-01    0.41999E+02
    0.17884E+01    0.25145E-01    0.41999E+02
    0.17932E+01    0.22221E-01    0.41999E+02
    0.17980E+01    0.19655E-01    0.41999E+02
    0.18028E+01    0.17418E-01    0.41999E+02
    0.18076E+01    0.15420E-01    0.41999E+02
    0.18124E+01    0.13579E-01    0.41999E+02
    0.18172E+01    0.11895E-01    0.42000E+02
    0.18220E+01    0.10370E-01    0.42000E+02
    0.18269E+01    0.90020E-02    0.42000E+02
    0.18317E+01    0.77918E-02    0.42000E+02
    0.18365E+01    0.67393E-02    0.42000E+02
    0.18413E+01    0.58445E-02    0.42000E+02
    0.18461E+01    0.51074E-02    0.42000E+02
    0.18509E+01    0.45280E-02    0.42000E+02
    0.18557E+01    0.41063E-02    0.42000E+02
    0.18605E+01    0.38306E-02    0.42000E+02
    0.18653E+01    0.35900E-02    0.42000E+02
    0.18701E+01    0.33568E-02    0.42000E+02
    0.18749E+01    0.31310E-02    0.42000E+02
    0.18798E+01    0.29127E-02    0.42000E+02
    0.18846E+01    0.27019E-02    0.42000E+02
    0.18894E+01    0.24984E-02    0.42000E+02
    0.18942E+01    0.23024E-02    0.42000E+02
    0.18990E+01    0.21138E-02    0.42000E+02
    0.19038E+01    0.19327E-02    0.42000E+02
    0.19086E+01    0.17590E-02    0.42000E+02
    0.19134E+01    0.15928E-02    0.42000E+02
    0.19182E+01    0.14339E-02    0.42000E+02
    0.19230E+01    0.12825E-02    0.42000E+02
    0.19279E+01    0.11386E-02    0.42000E+02
    0.19327E+01    0.10021E-02    0.42000E+02
    0.19375E+01    0.87298E-03    0.42000E+02
    0.19423E+01    0.75133E-03    0.42000E+02
    0.19471E+01    0.63806E-03    0.42000E+02
    0.19519E+01    0.53404E-03    0.42000E+02
    0.19567E+01    0.43927E-03    0.42000E+02
    0.19615E+01    0.35375E-03    0.42000E+02
    0.19663E+01    0.27748E-03    0.42000E+02
    0.19711E+01    0.21046E-03    0.42000E+02
    0.19760E+01    0.15269E-03    0.42000E+02
    0.19808E+01    0.10417E-03    0.42000E+02
    0.19856E+01    0.64896E-04    0.42000E+02
    0.19904E+01    0.34873E-04    0.42000E+02
    0.19952E+01    0.14099E-04    0.42000E+02
    0.20000E+01    0.25737E-05    0.42000E+02
