   0.1000000000E+02  -0.2041189678E+02  -0.2041189830E+02   0.1525614629E-05   0.4817542776E+00
   0.2000000000E+02  -0.2041189681E+02  -0.2041190287E+02   0.6059847217E-05   0.1596877142E+01
   0.3000000000E+02  -0.2041189692E+02  -0.2041191053E+02   0.1361007290E-04   0.3346533043E+01
   0.4000000000E+02  -0.2041189694E+02  -0.2041192112E+02   0.2417976622E-04   0.5731393742E+01
   0.5000000000E+02  -0.2041189704E+02  -0.2041193474E+02   0.3770274622E-04   0.8744717015E+01
   0.6000000000E+02  -0.2041189706E+02  -0.2041195125E+02   0.5419315640E-04   0.1238488939E+02
   0.7000000000E+02  -0.2041189712E+02  -0.2041197071E+02   0.7358277059E-04   0.1664571808E+02
   0.8000000000E+02  -0.2041189721E+02  -0.2041199304E+02   0.9582754635E-04   0.2152067204E+02
   0.9000000000E+02  -0.2041189722E+02  -0.2041201806E+02   0.1208410967E-03   0.2700037686E+02
   0.1000000000E+03  -0.2041189722E+02  -0.2041204576E+02   0.1485362629E-03   0.3307386287E+02
   0.1100000000E+03  -0.2041189723E+02  -0.2041207605E+02   0.1788236443E-03   0.3972911184E+02
   0.1200000000E+03  -0.2041189723E+02  -0.2041210884E+02   0.2116059027E-03   0.4695307464E+02
   0.1300000000E+03  -0.2041189724E+02  -0.2041214402E+02   0.2467765965E-03   0.5473162881E+02
   0.1400000000E+03  -0.2041189725E+02  -0.2041218147E+02   0.2842207923E-03   0.6304957874E+02
   0.1500000000E+03  -0.2041189726E+02  -0.2041222107E+02   0.3238154371E-03   0.7189067056E+02
   0.1600000000E+03  -0.2041189727E+02  -0.2041226270E+02   0.3654296276E-03   0.8123761176E+02
   0.1700000000E+03  -0.2041189728E+02  -0.2041230620E+02   0.4089249160E-03   0.9107209497E+02
   0.1800000000E+03  -0.2041189729E+02  -0.2041235144E+02   0.4541556177E-03   0.1013748245E+03
   0.1900000000E+03  -0.2041189730E+02  -0.2041239826E+02   0.5009691527E-03   0.1121255456E+03
   0.2000000000E+03  -0.2041189731E+02  -0.2041244651E+02   0.5492064032E-03   0.1233030765E+03
   0.2100000000E+03  -0.2041189732E+02  -0.2041249602E+02   0.5987021007E-03   0.1348853419E+03
   0.2200000000E+03  -0.2041189733E+02  -0.2041254661E+02   0.6492852346E-03   0.1468494103E+03
   0.2300000000E+03  -0.2041189734E+02  -0.2041259812E+02   0.7007794884E-03   0.1591715321E+03
   0.2400000000E+03  -0.2041189735E+02  -0.2041265036E+02   0.7530036997E-03   0.1718271813E+03
   0.2500000000E+03  -0.2041189736E+02  -0.2041270314E+02   0.8057723480E-03   0.1847910986E+03
   0.2600000000E+03  -0.2041189738E+02  -0.2041275627E+02   0.8588960661E-03   0.1980373374E+03
   0.2700000000E+03  -0.2041189739E+02  -0.2041280957E+02   0.9121821797E-03   0.2115393119E+03
   0.2800000000E+03  -0.2041189740E+02  -0.2041286284E+02   0.9654352713E-03   0.2252698476E+03
   0.2900000000E+03  -0.2041189742E+02  -0.2041291587E+02   0.1018457771E-02   0.2392012338E+03
   0.3000000000E+03  -0.2041189743E+02  -0.2041296848E+02   0.1071050571E-02   0.2533052794E+03
   0.3100000000E+03  -0.2041189744E+02  -0.2041302046E+02   0.1123013667E-02   0.2675533696E+03
   0.3200000000E+03  -0.2041189746E+02  -0.2041307160E+02   0.1174146822E-02   0.2819165261E+03
   0.3300000000E+03  -0.2041189747E+02  -0.2041312172E+02   0.1224250255E-02   0.2963654687E+03
   0.3400000000E+03  -0.2041189748E+02  -0.2041317061E+02   0.1273125349E-02   0.3108706796E+03
   0.3500000000E+03  -0.2041189749E+02  -0.2041321807E+02   0.1320575383E-02   0.3254024699E+03
   0.3600000000E+03  -0.2041189751E+02  -0.2041326391E+02   0.1366406283E-02   0.3399310472E+03
   0.3700000000E+03  -0.2041189752E+02  -0.2041330795E+02   0.1410427385E-02   0.3544265868E+03
   0.3800000000E+03  -0.2041189753E+02  -0.2041334998E+02   0.1452452224E-02   0.3688593030E+03
   0.3900000000E+03  -0.2041189754E+02  -0.2041338984E+02   0.1492299325E-02   0.3831995237E+03
   0.4000000000E+03  -0.2041189756E+02  -0.2041342735E+02   0.1529793014E-02   0.3974177654E+03
   0.4100000000E+03  -0.2041189757E+02  -0.2041346233E+02   0.1564764226E-02   0.4114848103E+03
   0.4200000000E+03  -0.2041189758E+02  -0.2041349463E+02   0.1597051330E-02   0.4253717848E+03
   0.4300000000E+03  -0.2041189759E+02  -0.2041352409E+02   0.1626500946E-02   0.4390502386E+03
   0.4400000000E+03  -0.2041189760E+02  -0.2041355057E+02   0.1652968760E-02   0.4524922246E+03
   0.4500000000E+03  -0.2041189761E+02  -0.2041357393E+02   0.1676320336E-02   0.4656703806E+03
   0.4600000000E+03  -0.2041189762E+02  -0.2041359405E+02   0.1696431913E-02   0.4785580098E+03
   0.4700000000E+03  -0.2041189762E+02  -0.2041361081E+02   0.1713191189E-02   0.4911291627E+03
   0.4800000000E+03  -0.2041189763E+02  -0.2041362413E+02   0.1726498082E-02   0.5033587180E+03
   0.4900000000E+03  -0.2041189764E+02  -0.2041363390E+02   0.1736265465E-02   0.5152224638E+03
   0.5000000000E+03  -0.2041189764E+02  -0.2041364006E+02   0.1742419869E-02   0.5266971772E+03
   0.5100000000E+03  -0.2041189764E+02  -0.2041364255E+02   0.1744902154E-02   0.5377607035E+03
   0.5200000000E+03  -0.2041189765E+02  -0.2041364132E+02   0.1743668131E-02   0.5483920335E+03
   0.5300000000E+03  -0.2041189765E+02  -0.2041363634E+02   0.1738689136E-02   0.5585713790E+03
   0.5400000000E+03  -0.2041189765E+02  -0.2041362760E+02   0.1729952554E-02   0.5682802459E+03
   0.5500000000E+03  -0.2041189765E+02  -0.2041361511E+02   0.1717462278E-02   0.5775015053E+03
   0.5600000000E+03  -0.2041189765E+02  -0.2041359889E+02   0.1701239106E-02   0.5862194606E+03
   0.5700000000E+03  -0.2041189765E+02  -0.2041357897E+02   0.1681321058E-02   0.5944199118E+03
   0.5800000000E+03  -0.2041189764E+02  -0.2041355541E+02   0.1657763622E-02   0.6020902154E+03
   0.5900000000E+03  -0.2041189764E+02  -0.2041352828E+02   0.1630639916E-02   0.6092193407E+03
   0.6000000000E+03  -0.2041189763E+02  -0.2041349768E+02   0.1600040753E-02   0.6157979203E+03
   0.6100000000E+03  -0.2041189763E+02  -0.2041346370E+02   0.1566074625E-02   0.6218182965E+03
   0.6200000000E+03  -0.2041189762E+02  -0.2041342649E+02   0.1528867579E-02   0.6272745611E+03
   0.6300000000E+03  -0.2041189761E+02  -0.2041338617E+02   0.1488562990E-02   0.6321625904E+03
   0.6400000000E+03  -0.2041189760E+02  -0.2041334292E+02   0.1445321240E-02   0.6364800723E+03
   0.6500000000E+03  -0.2041189759E+02  -0.2041329691E+02   0.1399319272E-02   0.6402265284E+03
   0.6600000000E+03  -0.2041189758E+02  -0.2041324833E+02   0.1350750049E-02   0.6434033275E+03
   0.6700000000E+03  -0.2041189757E+02  -0.2041319739E+02   0.1299821892E-02   0.6460136928E+03
   0.6800000000E+03  -0.2041189755E+02  -0.2041314431E+02   0.1246757710E-02   0.6480627010E+03
   0.6900000000E+03  -0.2041189754E+02  -0.2041308933E+02   0.1191794116E-02   0.6495572732E+03
   0.7000000000E+03  -0.2041189752E+02  -0.2041303270E+02   0.1135180441E-02   0.6505061588E+03
   0.7100000000E+03  -0.2041189751E+02  -0.2041297468E+02   0.1077177630E-02   0.6509199096E+03
   0.7200000000E+03  -0.2041189749E+02  -0.2041291555E+02   0.1018057043E-02   0.6508108472E+03
   0.7300000000E+03  -0.2041189747E+02  -0.2041285557E+02   0.9580991559E-03   0.6501930207E+03
   0.7400000000E+03  -0.2041189745E+02  -0.2041279505E+02   0.8975921668E-03   0.6490821569E+03
   0.7500000000E+03  -0.2041189744E+02  -0.2041273427E+02   0.8368305202E-03   0.6474956017E+03
   0.7600000000E+03  -0.2041189742E+02  -0.2041267353E+02   0.7761133510E-03   0.6454522531E+03
   0.7700000000E+03  -0.2041189740E+02  -0.2041261314E+02   0.7157428614E-03   0.6429724873E+03
   0.7800000000E+03  -0.2041189738E+02  -0.2041255340E+02   0.6560226396E-03   0.6400780754E+03
   0.7900000000E+03  -0.2041189736E+02  -0.2041249462E+02   0.5972559313E-03   0.6367920942E+03
   0.8000000000E+03  -0.2041189734E+02  -0.2041243709E+02   0.5397438757E-03   0.6331388288E+03
   0.8100000000E+03  -0.2041189733E+02  -0.2041238111E+02   0.4837837195E-03   0.6291436688E+03
   0.8200000000E+03  -0.2041189731E+02  -0.2041232698E+02   0.4296670204E-03   0.6248329990E+03
   0.8300000000E+03  -0.2041189729E+02  -0.2041227497E+02   0.3776778562E-03   0.6202340835E+03
   0.8400000000E+03  -0.2041189728E+02  -0.2041222537E+02   0.3280910515E-03   0.6153749452E+03
   0.8500000000E+03  -0.2041189726E+02  -0.2041217843E+02   0.2811704381E-03   0.6102842414E+03
   0.8600000000E+03  -0.2041189725E+02  -0.2041213441E+02   0.2371671622E-03   0.6049911346E+03
   0.8700000000E+03  -0.2041189723E+02  -0.2041209355E+02   0.1963180541E-03   0.5995251617E+03
   0.8800000000E+03  -0.2041189722E+02  -0.2041205606E+02   0.1588440730E-03   0.5939161000E+03
   0.8900000000E+03  -0.2041189721E+02  -0.2041202216E+02   0.1249488424E-03   0.5881938320E+03
   0.9000000000E+03  -0.2041189720E+02  -0.2041199202E+02   0.9481728760E-04   0.5823882105E+03
   0.9100000000E+03  -0.2041189719E+02  -0.2041196580E+02   0.6861438915E-04   0.5765289225E+03
   0.9200000000E+03  -0.2041189718E+02  -0.2041194362E+02   0.4643966670E-04   0.5706450542E+03
   0.9300000000E+03  -0.2041189722E+02  -0.2041192568E+02   0.2846556111E-04   0.5647656127E+03
   0.9400000000E+03  -0.2041189724E+02  -0.2041191207E+02   0.1483718149E-04   0.5589193482E+03
   0.9500000000E+03  -0.2041189723E+02  -0.2041190276E+02   0.5534023028E-05   0.5531336783E+03
   0.9600000000E+03  -0.2041189728E+02  -0.2041189797E+02   0.6981526490E-06   0.5474358148E+03
   0.9700000000E+03  -0.2041189732E+02  -0.2041189779E+02   0.4667447440E-06   0.5418527430E+03
   0.9800000000E+03  -0.2041189735E+02  -0.2041190214E+02   0.4798903002E-05   0.5364100967E+03
   0.9900000000E+03  -0.2041189737E+02  -0.2041191090E+02   0.1352389775E-04   0.5311314065E+03
   0.1000000000E+04  -0.2041189746E+02  -0.2041192401E+02   0.2655214157E-04   0.5260387106E+03
   0.1010000000E+04  -0.2041189749E+02  -0.2041194138E+02   0.4388900566E-04   0.5211532163E+03
   0.1020000000E+04  -0.2041189751E+02  -0.2041196293E+02   0.6541282851E-04   0.5164945614E+03
   0.1030000000E+04  -0.2041189763E+02  -0.2041198867E+02   0.9103523493E-04   0.5120810916E+03
   0.1040000000E+04  -0.2041189764E+02  -0.2041201828E+02   0.1206389488E-03   0.5079297483E+03
   0.1050000000E+04  -0.2041189766E+02  -0.2041205169E+02   0.1540291980E-03   0.5040556734E+03
   0.1060000000E+04  -0.2041189767E+02  -0.2041208869E+02   0.1910230531E-03   0.5004723629E+03
   0.1070000000E+04  -0.2041189768E+02  -0.2041212910E+02   0.2314195032E-03   0.4971916372E+03
   0.1080000000E+04  -0.2041189770E+02  -0.2041217270E+02   0.2749998881E-03   0.4942236165E+03
   0.1090000000E+04  -0.2041189771E+02  -0.2041221924E+02   0.3215295165E-03   0.4915767051E+03
   0.1100000000E+04  -0.2041189773E+02  -0.2041226849E+02   0.3707591615E-03   0.4892575867E+03
   0.1110000000E+04  -0.2041189775E+02  -0.2041232017E+02   0.4224266600E-03   0.4872712278E+03
   0.1120000000E+04  -0.2041189776E+02  -0.2041237402E+02   0.4762586550E-03   0.4856208915E+03
   0.1130000000E+04  -0.2041189778E+02  -0.2041242975E+02   0.5319722834E-03   0.4843081592E+03
   0.1140000000E+04  -0.2041189780E+02  -0.2041248708E+02   0.5892769791E-03   0.4833329616E+03
   0.1150000000E+04  -0.2041189782E+02  -0.2041254570E+02   0.6478762364E-03   0.4826936176E+03
   0.1160000000E+04  -0.2041189784E+02  -0.2041260531E+02   0.7074694247E-03   0.4823868807E+03
   0.1170000000E+04  -0.2041189786E+02  -0.2041266561E+02   0.7677535622E-03   0.4824079927E+03
   0.1180000000E+04  -0.2041189788E+02  -0.2041272630E+02   0.8284250937E-03   0.4827507446E+03
   0.1190000000E+04  -0.2041189790E+02  -0.2041278708E+02   0.8891816157E-03   0.4834075427E+03
   0.1200000000E+04  -0.2041189791E+02  -0.2041284764E+02   0.9497235708E-03   0.4843694808E+03
   0.1210000000E+04  -0.2041189793E+02  -0.2041290769E+02   0.1009755874E-02   0.4856264172E+03
   0.1220000000E+04  -0.2041189795E+02  -0.2041296694E+02   0.1068989479E-02   0.4871670557E+03
   0.1230000000E+04  -0.2041189797E+02  -0.2041302511E+02   0.1127142868E-02   0.4889790309E+03
   0.1240000000E+04  -0.2041189798E+02  -0.2041308193E+02   0.1183943452E-02   0.4910489958E+03
   0.1250000000E+04  -0.2041189800E+02  -0.2041313713E+02   0.1239128883E-02   0.4933627119E+03
   0.1260000000E+04  -0.2041189801E+02  -0.2041319046E+02   0.1292448272E-02   0.4959051420E+03
   0.1270000000E+04  -0.2041189803E+02  -0.2041324169E+02   0.1343663299E-02   0.4986605425E+03
   0.1280000000E+04  -0.2041189804E+02  -0.2041329059E+02   0.1392549217E-02   0.5016125578E+03
   0.1290000000E+04  -0.2041189805E+02  -0.2041333695E+02   0.1438895752E-02   0.5047443140E+03
   0.1300000000E+04  -0.2041189807E+02  -0.2041338057E+02   0.1482507884E-02   0.5080385124E+03
   0.1310000000E+04  -0.2041189808E+02  -0.2041342128E+02   0.1523206526E-02   0.5114775215E+03
   0.1320000000E+04  -0.2041189809E+02  -0.2041345891E+02   0.1560829084E-02   0.5150434679E+03
   0.1330000000E+04  -0.2041189809E+02  -0.2041349332E+02   0.1595229907E-02   0.5187183255E+03
   0.1340000000E+04  -0.2041189810E+02  -0.2041352438E+02   0.1626280634E-02   0.5224840017E+03
   0.1350000000E+04  -0.2041189811E+02  -0.2041355198E+02   0.1653870429E-02   0.5263224212E+03
   0.1360000000E+04  -0.2041189811E+02  -0.2041357602E+02   0.1677906116E-02   0.5302156073E+03
   0.1370000000E+04  -0.2041189811E+02  -0.2041359643E+02   0.1698312217E-02   0.5341457584E+03
   0.1380000000E+04  -0.2041189812E+02  -0.2041361315E+02   0.1715030890E-02   0.5380953229E+03
   0.1390000000E+04  -0.2041189812E+02  -0.2041362614E+02   0.1728021782E-02   0.5420470683E+03
   0.1400000000E+04  -0.2041189812E+02  -0.2041363538E+02   0.1737261799E-02   0.5459841475E+03
   0.1410000000E+04  -0.2041189812E+02  -0.2041364086E+02   0.1742744792E-02   0.5498901610E+03
   0.1420000000E+04  -0.2041189812E+02  -0.2041364260E+02   0.1744481173E-02   0.5537492135E+03
   0.1430000000E+04  -0.2041189811E+02  -0.2041364061E+02   0.1742497464E-02   0.5575459679E+03
   0.1440000000E+04  -0.2041189811E+02  -0.2041363495E+02   0.1736835782E-02   0.5612656936E+03
   0.1450000000E+04  -0.2041189811E+02  -0.2041362566E+02   0.1727553273E-02   0.5648943107E+03
   0.1460000000E+04  -0.2041189810E+02  -0.2041361282E+02   0.1714721492E-02   0.5684184298E+03
   0.1470000000E+04  -0.2041189810E+02  -0.2041359652E+02   0.1698425744E-02   0.5718253875E+03
   0.1480000000E+04  -0.2041189809E+02  -0.2041357685E+02   0.1678764379E-02   0.5751032771E+03
   0.1490000000E+04  -0.2041189808E+02  -0.2041355393E+02   0.1655848069E-02   0.5782409756E+03
   0.1500000000E+04  -0.2041189807E+02  -0.2041352787E+02   0.1629799041E-02   0.5812281657E+03
   0.1510000000E+04  -0.2041189806E+02  -0.2041349882E+02   0.1600750306E-02   0.5840553542E+03
   0.1520000000E+04  -0.2041189806E+02  -0.2041346690E+02   0.1568844854E-02   0.5867138865E+03
   0.1530000000E+04  -0.2041189805E+02  -0.2041343228E+02   0.1534234853E-02   0.5891959566E+03
   0.1540000000E+04  -0.2041189804E+02  -0.2041339512E+02   0.1497080829E-02   0.5914946144E+03
   0.1550000000E+04  -0.2041189802E+02  -0.2041335558E+02   0.1457550847E-02   0.5936037680E+03
   0.1560000000E+04  -0.2041189801E+02  -0.2041331383E+02   0.1415819695E-02   0.5955181841E+03
   0.1570000000E+04  -0.2041189800E+02  -0.2041327007E+02   0.1372068067E-02   0.5972334839E+03
   0.1580000000E+04  -0.2041189799E+02  -0.2041322447E+02   0.1326481772E-02   0.5987461370E+03
   0.1590000000E+04  -0.2041189798E+02  -0.2041317723E+02   0.1279250887E-02   0.6000534516E+03
   0.1600000000E+04  -0.2041189797E+02  -0.2041312854E+02   0.1230569009E-02   0.6011535619E+03
   0.1610000000E+04  -0.2041189795E+02  -0.2041307859E+02   0.1180632513E-02   0.6020454139E+03
   0.1620000000E+04  -0.2041189794E+02  -0.2041302758E+02   0.1129639752E-02   0.6027287482E+03
   0.1630000000E+04  -0.2041189793E+02  -0.2041297572E+02   0.1077790344E-02   0.6032040801E+03
   0.1640000000E+04  -0.2041189792E+02  -0.2041292320E+02   0.1025284456E-02   0.6034726788E+03
   0.1650000000E+04  -0.2041189791E+02  -0.2041287023E+02   0.9723221103E-03   0.6035365437E+03
   0.1660000000E+04  -0.2041189789E+02  -0.2041281700E+02   0.9191025255E-03   0.6033983800E+03
   0.1670000000E+04  -0.2041189788E+02  -0.2041276370E+02   0.8658234655E-03   0.6030615716E+03
   0.1680000000E+04  -0.2041189787E+02  -0.2041271055E+02   0.8126806242E-03   0.6025301539E+03
   0.1690000000E+04  -0.2041189786E+02  -0.2041265772E+02   0.7598670311E-03   0.6018087844E+03
   0.1700000000E+04  -0.2041189785E+02  -0.2041260542E+02   0.7075724833E-03   0.6009027124E+03
   0.1710000000E+04  -0.2041189783E+02  -0.2041255382E+02   0.6559830041E-03   0.5998177485E+03
   0.1720000000E+04  -0.2041189782E+02  -0.2041250310E+02   0.6052803263E-03   0.5985602322E+03
   0.1730000000E+04  -0.2041189781E+02  -0.2041245345E+02   0.5556414025E-03   0.5971369995E+03
   0.1740000000E+04  -0.2041189780E+02  -0.2041240504E+02   0.5072379408E-03   0.5955553499E+03
   0.1750000000E+04  -0.2041189779E+02  -0.2041235803E+02   0.4602359659E-03   0.5938230129E+03
   0.1760000000E+04  -0.2041189778E+02  -0.2041231258E+02   0.4147954062E-03   0.5919481136E+03
   0.1770000000E+04  -0.2041189778E+02  -0.2041226884E+02   0.3710697054E-03   0.5899391393E+03
   0.1780000000E+04  -0.2041189777E+02  -0.2041222697E+02   0.3292054588E-03   0.5878049047E+03
   0.1790000000E+04  -0.2041189776E+02  -0.2041218710E+02   0.2893420741E-03   0.5855545177E+03
   0.1800000000E+04  -0.2041189775E+02  -0.2041214936E+02   0.2516114550E-03   0.5831973452E+03
   0.1810000000E+04  -0.2041189774E+02  -0.2041211388E+02   0.2161377094E-03   0.5807429791E+03
   0.1820000000E+04  -0.2041189774E+02  -0.2041208077E+02   0.1830368793E-03   0.5782012018E+03
   0.1830000000E+04  -0.2041189773E+02  -0.2041205015E+02   0.1524166931E-03   0.5755819530E+03
   0.1840000000E+04  -0.2041189773E+02  -0.2041202210E+02   0.1243763399E-03   0.5728952961E+03
   0.1850000000E+04  -0.2041189772E+02  -0.2041199673E+02   0.9900626526E-04   0.5701513850E+03
   0.1860000000E+04  -0.2041189772E+02  -0.2041197410E+02   0.7638798703E-04   0.5673604320E+03
   0.1870000000E+04  -0.2041189771E+02  -0.2041195425E+02   0.5654197962E-04   0.5645325006E+03
   0.1880000000E+04  -0.2041189776E+02  -0.2041193734E+02   0.3958254918E-04   0.5616778235E+03
   0.1890000000E+04  -0.2041189778E+02  -0.2041192340E+02   0.2562037518E-04   0.5588067858E+03
   0.1900000000E+04  -0.2041189780E+02  -0.2041191246E+02   0.1466733131E-04   0.5559295944E+03
   0.1910000000E+04  -0.2041189779E+02  -0.2041190446E+02   0.6672665042E-05   0.5530560764E+03
   0.1920000000E+04  -0.2041189784E+02  -0.2041189958E+02   0.1738102826E-05   0.5501961885E+03
   0.1930000000E+04  -0.2041189789E+02  -0.2041189789E+02   0.2463299070E-08   0.5473601337E+03
   0.1940000000E+04  -0.2041189792E+02  -0.2041189941E+02   0.1482731609E-05   0.5445579608E+03
   0.1950000000E+04  -0.2041189795E+02  -0.2041190404E+02   0.6087879829E-05   0.5417992203E+03
   0.1960000000E+04  -0.2041189798E+02  -0.2041191165E+02   0.1367211454E-04   0.5390928014E+03
   0.1970000000E+04  -0.2041189808E+02  -0.2041192231E+02   0.2422264152E-04   0.5364473727E+03
   0.1980000000E+04  -0.2041189811E+02  -0.2041193589E+02   0.3778490462E-04   0.5338715729E+03
   0.1990000000E+04  -0.2041189812E+02  -0.2041195240E+02   0.5427838055E-04   0.5313736138E+03
   0.2000000000E+04  -0.2041189817E+02  -0.2041197184E+02   0.7366377786E-04   0.5289614201E+03
   0.2010000000E+04  -0.2041189824E+02  -0.2041199414E+02   0.9590525789E-04   0.5266426476E+03
   0.2020000000E+04  -0.2041189825E+02  -0.2041201916E+02   0.1209173750E-03   0.5244245355E+03
   0.2030000000E+04  -0.2041189825E+02  -0.2041204686E+02   0.1486105429E-03   0.5223139037E+03
   0.2040000000E+04  -0.2041189826E+02  -0.2041207715E+02   0.1788948361E-03   0.5203171617E+03
   0.2050000000E+04  -0.2041189826E+02  -0.2041210994E+02   0.2116723000E-03   0.5184402948E+03
   0.2060000000E+04  -0.2041189827E+02  -0.2041214511E+02   0.2468363268E-03   0.5166888467E+03
   0.2070000000E+04  -0.2041189828E+02  -0.2041218255E+02   0.2842719694E-03   0.5150679061E+03
   0.2080000000E+04  -0.2041189829E+02  -0.2041222214E+02   0.3238561832E-03   0.5135820921E+03
   0.2090000000E+04  -0.2041189830E+02  -0.2041226375E+02   0.3654580705E-03   0.5122355423E+03
   0.2100000000E+04  -0.2041189831E+02  -0.2041230724E+02   0.4089392132E-03   0.5110319016E+03
   0.2110000000E+04  -0.2041189832E+02  -0.2041235247E+02   0.4541539531E-03   0.5099743119E+03
   0.2120000000E+04  -0.2041189833E+02  -0.2041239928E+02   0.5009497489E-03   0.5090654043E+03
   0.2130000000E+04  -0.2041189834E+02  -0.2041244750E+02   0.5491675224E-03   0.5083072910E+03
   0.2140000000E+04  -0.2041189835E+02  -0.2041249699E+02   0.5986420543E-03   0.5077015593E+03
   0.2150000000E+04  -0.2041189836E+02  -0.2041254756E+02   0.6492023860E-03   0.5072492678E+03
   0.2160000000E+04  -0.2041189837E+02  -0.2041259904E+02   0.7006722612E-03   0.5069509422E+03
   0.2170000000E+04  -0.2041189838E+02  -0.2041265125E+02   0.7528705814E-03   0.5068065741E+03
   0.2180000000E+04  -0.2041189839E+02  -0.2041270401E+02   0.8056118975E-03   0.5068156203E+03
   0.2190000000E+04  -0.2041189841E+02  -0.2041275711E+02   0.8587069179E-03   0.5069770043E+03
   0.2200000000E+04  -0.2041189842E+02  -0.2041281038E+02   0.9119630509E-03   0.5072891184E+03
   0.2210000000E+04  -0.2041189843E+02  -0.2041286362E+02   0.9651849661E-03   0.5077498285E+03
   0.2220000000E+04  -0.2041189845E+02  -0.2041291662E+02   0.1018175187E-02   0.5083564794E+03
   0.2230000000E+04  -0.2041189846E+02  -0.2041296919E+02   0.1070734705E-02   0.5091059021E+03
   0.2240000000E+04  -0.2041189847E+02  -0.2041302114E+02   0.1122663618E-02   0.5099944229E+03
   0.2250000000E+04  -0.2041189849E+02  -0.2041307225E+02   0.1173761801E-02   0.5110178740E+03
   0.2260000000E+04  -0.2041189850E+02  -0.2041312233E+02   0.1223829584E-02   0.5121716054E+03
   0.2270000000E+04  -0.2041189851E+02  -0.2041317118E+02   0.1272668471E-02   0.5134504988E+03
   0.2280000000E+04  -0.2041189852E+02  -0.2041321861E+02   0.1320081864E-02   0.5148489833E+03
   0.2290000000E+04  -0.2041189854E+02  -0.2041326441E+02   0.1365875815E-02   0.5163610521E+03
   0.2300000000E+04  -0.2041189855E+02  -0.2041330841E+02   0.1409859795E-02   0.5179802817E+03
   0.2310000000E+04  -0.2041189856E+02  -0.2041335041E+02   0.1451847471E-02   0.5196998520E+03
   0.2320000000E+04  -0.2041189857E+02  -0.2041339023E+02   0.1491657509E-02   0.5215125685E+03
   0.2330000000E+04  -0.2041189859E+02  -0.2041342770E+02   0.1529114374E-02   0.5234108858E+03
   0.2340000000E+04  -0.2041189860E+02  -0.2041346265E+02   0.1564049147E-02   0.5253869333E+03
   0.2350000000E+04  -0.2041189861E+02  -0.2041349491E+02   0.1596300342E-02   0.5274325413E+03
   0.2360000000E+04  -0.2041189862E+02  -0.2041352433E+02   0.1625714726E-02   0.5295392699E+03
   0.2370000000E+04  -0.2041189863E+02  -0.2041355078E+02   0.1652148134E-02   0.5316984382E+03
   0.2380000000E+04  -0.2041189864E+02  -0.2041357410E+02   0.1675466277E-02   0.5339011561E+03
   0.2390000000E+04  -0.2041189865E+02  -0.2041359419E+02   0.1695545544E-02   0.5361383562E+03
   0.2400000000E+04  -0.2041189865E+02  -0.2041361093E+02   0.1712273779E-02   0.5384008275E+03
   0.2410000000E+04  -0.2041189866E+02  -0.2041362421E+02   0.1725551045E-02   0.5406792508E+03
   0.2420000000E+04  -0.2041189867E+02  -0.2041363396E+02   0.1735290357E-02   0.5429642341E+03
   0.2430000000E+04  -0.2041189867E+02  -0.2041364009E+02   0.1741418389E-02   0.5452463493E+03
   0.2440000000E+04  -0.2041189867E+02  -0.2041364255E+02   0.1743876135E-02   0.5475161706E+03
   0.2450000000E+04  -0.2041189868E+02  -0.2041364130E+02   0.1742619536E-02   0.5497643120E+03
   0.2460000000E+04  -0.2041189868E+02  -0.2041363630E+02   0.1737620055E-02   0.5519814666E+03
   0.2470000000E+04  -0.2041189868E+02  -0.2041362755E+02   0.1728865196E-02   0.5541584459E+03
   0.2480000000E+04  -0.2041189868E+02  -0.2041361504E+02   0.1716358965E-02   0.5562862191E+03
   0.2490000000E+04  -0.2041189868E+02  -0.2041359880E+02   0.1700122262E-02   0.5583559526E+03
   0.2500000000E+04  -0.2041189868E+02  -0.2041357887E+02   0.1680193202E-02   0.5603590498E+03
   0.2510000000E+04  -0.2041189867E+02  -0.2041355530E+02   0.1656627359E-02   0.5622871893E+03
   0.2520000000E+04  -0.2041189867E+02  -0.2041352817E+02   0.1629497926E-02   0.5641323645E+03
   0.2530000000E+04  -0.2041189866E+02  -0.2041349756E+02   0.1598895780E-02   0.5658869204E+03
   0.2540000000E+04  -0.2041189866E+02  -0.2041346359E+02   0.1564929464E-02   0.5675435914E+03
   0.2550000000E+04  -0.2041189865E+02  -0.2041342638E+02   0.1527725062E-02   0.5690955360E+03
   0.2560000000E+04  -0.2041189864E+02  -0.2041338607E+02   0.1487425978E-02   0.5705363718E+03
   0.2570000000E+04  -0.2041189863E+02  -0.2041334282E+02   0.1444192602E-02   0.5718602080E+03
   0.2580000000E+04  -0.2041189862E+02  -0.2041329682E+02   0.1398201876E-02   0.5730616763E+03
   0.2590000000E+04  -0.2041189861E+02  -0.2041324826E+02   0.1349646744E-02   0.5741359593E+03
   0.2600000000E+04  -0.2041189860E+02  -0.2041319733E+02   0.1298735493E-02   0.5750788179E+03
   0.2610000000E+04  -0.2041189858E+02  -0.2041314427E+02   0.1245690984E-02   0.5758866146E+03
   0.2620000000E+04  -0.2041189857E+02  -0.2041308932E+02   0.1190749766E-02   0.5765563355E+03
   0.2630000000E+04  -0.2041189855E+02  -0.2041303271E+02   0.1134161088E-02   0.5770856083E+03
   0.2640000000E+04  -0.2041189854E+02  -0.2041297472E+02   0.1076185799E-02   0.5774727186E+03
   0.2650000000E+04  -0.2041189852E+02  -0.2041291561E+02   0.1017095147E-02   0.5777166214E+03
   0.2660000000E+04  -0.2041189850E+02  -0.2041285567E+02   0.9571694792E-03   0.5778169507E+03
   0.2670000000E+04  -0.2041189848E+02  -0.2041279518E+02   0.8966968529E-03   0.5777740247E+03
   0.2680000000E+04  -0.2041189847E+02  -0.2041273444E+02   0.8359715549E-03   0.5775888480E+03
   0.2690000000E+04  -0.2041189845E+02  -0.2041267374E+02   0.7752925492E-03   0.5772631092E+03
   0.2700000000E+04  -0.2041189843E+02  -0.2041261339E+02   0.7149618540E-03   0.5767991762E+03
   0.2710000000E+04  -0.2041189841E+02  -0.2041255369E+02   0.6552828615E-03   0.5762000864E+03
   0.2720000000E+04  -0.2041189839E+02  -0.2041249495E+02   0.5965586100E-03   0.5754695336E+03
   0.2730000000E+04  -0.2041189837E+02  -0.2041243746E+02   0.5390900215E-03   0.5746118516E+03
   0.2740000000E+04  -0.2041189836E+02  -0.2041238153E+02   0.4831741165E-03   0.5736319929E+03
   0.2750000000E+04  -0.2041189834E+02  -0.2041232744E+02   0.4291022191E-03   0.5725355051E+03
   0.2760000000E+04  -0.2041189832E+02  -0.2041227548E+02   0.3771581675E-03   0.5713285029E+03
   0.2770000000E+04  -0.2041189831E+02  -0.2041222592E+02   0.3276165422E-03   0.5700176365E+03
   0.2780000000E+04  -0.2041189829E+02  -0.2041217903E+02   0.2807409279E-03   0.5686100577E+03
   0.2790000000E+04  -0.2041189828E+02  -0.2041213506E+02   0.2367822225E-03   0.5671133820E+03
   0.2800000000E+04  -0.2041189826E+02  -0.2041209424E+02   0.1959770081E-03   0.5655356480E+03
   0.2810000000E+04  -0.2041189825E+02  -0.2041205680E+02   0.1585459979E-03   0.5638852748E+03
   0.2820000000E+04  -0.2041189824E+02  -0.2041202293E+02   0.1246925733E-03   0.5621710164E+03
   0.2830000000E+04  -0.2041189823E+02  -0.2041199283E+02   0.9460142295E-04   0.5604019140E+03
   0.2840000000E+04  -0.2041189822E+02  -0.2041196666E+02   0.6843729818E-04   0.5585872472E+03
   0.2850000000E+04  -0.2041189821E+02  -0.2041194451E+02   0.4629962499E-04   0.5567363852E+03
   0.2860000000E+04  -0.2041189825E+02  -0.2041192661E+02   0.2836052327E-04   0.5548589456E+03
   0.2870000000E+04  -0.2041189827E+02  -0.2041191303E+02   0.1476475594E-04   0.5529647296E+03
   0.2880000000E+04  -0.2041189826E+02  -0.2041190375E+02   0.5492067625E-05   0.5510633587E+03
   0.2890000000E+04  -0.2041189831E+02  -0.2041189899E+02   0.6841317313E-06   0.5491646301E+03
   0.2900000000E+04  -0.2041189835E+02  -0.2041189883E+02   0.4773461663E-06   0.5472785024E+03
   0.2910000000E+04  -0.2041189837E+02  -0.2041190320E+02   0.4830135028E-05   0.5454147079E+03
   0.2920000000E+04  -0.2041189840E+02  -0.2041191197E+02   0.1357168421E-04   0.5435824777E+03
   0.2930000000E+04  -0.2041189849E+02  -0.2041192511E+02   0.2661335100E-04   0.5417907270E+03
   0.2940000000E+04  -0.2041189852E+02  -0.2041194248E+02   0.4396080015E-04   0.5400482623E+03
   0.2950000000E+04  -0.2041189854E+02  -0.2041196404E+02   0.6549201305E-04   0.5383635106E+03
   0.2960000000E+04  -0.2041189866E+02  -0.2041198978E+02   0.9111861308E-04   0.5367445976E+03
   0.2970000000E+04  -0.2041189868E+02  -0.2041201940E+02   0.1207232701E-03   0.5351992913E+03
   0.2980000000E+04  -0.2041189869E+02  -0.2041205280E+02   0.1541111950E-03   0.5337348441E+03
   0.2990000000E+04  -0.2041189870E+02  -0.2041208980E+02   0.1910994898E-03   0.5323580270E+03
   0.3000000000E+04  -0.2041189871E+02  -0.2041213020E+02   0.2314871919E-03   0.5310750992E+03
   0.3010000000E+04  -0.2041189873E+02  -0.2041217378E+02   0.2750557070E-03   0.5298917797E+03
   0.3020000000E+04  -0.2041189874E+02  -0.2041222031E+02   0.3215704127E-03   0.5288132233E+03
   0.3030000000E+04  -0.2041189876E+02  -0.2041226954E+02   0.3707822015E-03   0.5278439993E+03
   0.3040000000E+04  -0.2041189878E+02  -0.2041232121E+02   0.4224290455E-03   0.5269880744E+03
   0.3050000000E+04  -0.2041189879E+02  -0.2041237503E+02   0.4762377023E-03   0.5262487996E+03
   0.3060000000E+04  -0.2041189881E+02  -0.2041243074E+02   0.5319254611E-03   0.5256289007E+03
   0.3070000000E+04  -0.2041189883E+02  -0.2041248803E+02   0.5892019187E-03   0.5251304726E+03
   0.3080000000E+04  -0.2041189885E+02  -0.2041254662E+02   0.6477707414E-03   0.5247549773E+03
   0.3090000000E+04  -0.2041189887E+02  -0.2041260620E+02   0.7073314838E-03   0.5245032460E+03
   0.3100000000E+04  -0.2041189889E+02  -0.2041266647E+02   0.7675813568E-03   0.5243754842E+03
   0.3110000000E+04  -0.2041189891E+02  -0.2041272712E+02   0.8282170061E-03   0.5243712809E+03
   0.3120000000E+04  -0.2041189893E+02  -0.2041278786E+02   0.8889362351E-03   0.5244896204E+03
   0.3130000000E+04  -0.2041189894E+02  -0.2041284838E+02   0.9494396981E-03   0.5247288980E+03
   0.3140000000E+04  -0.2041189896E+02  -0.2041290840E+02   0.1009432525E-02   0.5250869380E+03
   0.3150000000E+04  -0.2041189898E+02  -0.2041296761E+02   0.1068625886E-02   0.5255610152E+03
   0.3160000000E+04  -0.2041189900E+02  -0.2041302574E+02   0.1126738481E-02   0.5261478782E+03
   0.3170000000E+04  -0.2041189901E+02  -0.2041308251E+02   0.1183497935E-02   0.5268437757E+03
   0.3180000000E+04  -0.2041189903E+02  -0.2041313767E+02   0.1238642118E-02   0.5276444843E+03
   0.3190000000E+04  -0.2041189904E+02  -0.2041319097E+02   0.1291920349E-02   0.5285453387E+03
   0.3200000000E+04  -0.2041189906E+02  -0.2041324215E+02   0.1343094513E-02   0.5295412635E+03
   0.3210000000E+04  -0.2041189907E+02  -0.2041329101E+02   0.1391940066E-02   0.5306268055E+03
   0.3220000000E+04  -0.2041189908E+02  -0.2041333733E+02   0.1438246925E-02   0.5317961687E+03
   0.3230000000E+04  -0.2041189910E+02  -0.2041338092E+02   0.1481820258E-02   0.5330432485E+03
   0.3240000000E+04  -0.2041189911E+02  -0.2041342159E+02   0.1522481155E-02   0.5343616680E+03
   0.3250000000E+04  -0.2041189912E+02  -0.2041345918E+02   0.1560067189E-02   0.5357448139E+03
   0.3260000000E+04  -0.2041189912E+02  -0.2041349356E+02   0.1594432870E-02   0.5371858726E+03
   0.3270000000E+04  -0.2041189913E+02  -0.2041352458E+02   0.1625449983E-02   0.5386778669E+03
   0.3280000000E+04  -0.2041189914E+02  -0.2041355214E+02   0.1653007831E-02   0.5402136919E+03
   0.3290000000E+04  -0.2041189914E+02  -0.2041357615E+02   0.1677013364E-02   0.5417861507E+03
   0.3300000000E+04  -0.2041189914E+02  -0.2041359654E+02   0.1697391217E-02   0.5433879895E+03
   0.3310000000E+04  -0.2041189915E+02  -0.2041361323E+02   0.1714083651E-02   0.5450119323E+03
   0.3320000000E+04  -0.2041189915E+02  -0.2041362620E+02   0.1727050406E-02   0.5466507138E+03
   0.3330000000E+04  -0.2041189915E+02  -0.2041363542E+02   0.1736268466E-02   0.5482971126E+03
   0.3340000000E+04  -0.2041189915E+02  -0.2041364088E+02   0.1741731749E-02   0.5499439817E+03
   0.3350000000E+04  -0.2041189915E+02  -0.2041364260E+02   0.1743450723E-02   0.5515842790E+03
   0.3360000000E+04  -0.2041189914E+02  -0.2041364060E+02   0.1741451953E-02   0.5532110959E+03
   0.3370000000E+04  -0.2041189914E+02  -0.2041363492E+02   0.1735777589E-02   0.5548176840E+03
   0.3380000000E+04  -0.2041189914E+02  -0.2041362562E+02   0.1726484799E-02   0.5563974814E+03
   0.3390000000E+04  -0.2041189913E+02  -0.2041361278E+02   0.1713645148E-02   0.5579441360E+03
   0.3400000000E+04  -0.2041189913E+02  -0.2041359647E+02   0.1697343940E-02   0.5594515284E+03
   0.3410000000E+04  -0.2041189912E+02  -0.2041357680E+02   0.1677679516E-02   0.5609137923E+03
   0.3420000000E+04  -0.2041189911E+02  -0.2041355387E+02   0.1654762526E-02   0.5623253337E+03
   0.3430000000E+04  -0.2041189910E+02  -0.2041352782E+02   0.1628715171E-02   0.5636808477E+03
   0.3440000000E+04  -0.2041189909E+02  -0.2041349876E+02   0.1599670421E-02   0.5649753345E+03
   0.3450000000E+04  -0.2041189909E+02  -0.2041346686E+02   0.1567771222E-02   0.5662041132E+03
   0.3460000000E+04  -0.2041189908E+02  -0.2041343225E+02   0.1533169686E-02   0.5673628332E+03
   0.3470000000E+04  -0.2041189907E+02  -0.2041339509E+02   0.1496026278E-02   0.5684474857E+03
   0.3480000000E+04  -0.2041189905E+02  -0.2041335556E+02   0.1456508996E-02   0.5694544116E+03
   0.3490000000E+04  -0.2041189904E+02  -0.2041331384E+02   0.1414792552E-02   0.5703803086E+03
   0.3500000000E+04  -0.2041189903E+02  -0.2041327009E+02   0.1371057559E-02   0.5712222376E+03
   0.3510000000E+04  -0.2041189902E+02  -0.2041322451E+02   0.1325489724E-02   0.5719776255E+03
   0.3520000000E+04  -0.2041189901E+02  -0.2041317729E+02   0.1278279053E-02   0.5726442688E+03
   0.3530000000E+04  -0.2041189900E+02  -0.2041312862E+02   0.1229619060E-02   0.5732203338E+03
   0.3540000000E+04  -0.2041189898E+02  -0.2041307869E+02   0.1179706007E-02   0.5737043567E+03
   0.3550000000E+04  -0.2041189897E+02  -0.2041302771E+02   0.1128738145E-02   0.5740952418E+03
   0.3560000000E+04  -0.2041189896E+02  -0.2041297587E+02   0.1076914986E-02   0.5743922589E+03
   0.3570000000E+04  -0.2041189895E+02  -0.2041292338E+02   0.1024436589E-02   0.5745950386E+03
   0.3580000000E+04  -0.2041189894E+02  -0.2041287044E+02   0.9715028684E-03   0.5747035674E+03
   0.3590000000E+04  -0.2041189892E+02  -0.2041281724E+02   0.9183129299E-03   0.5747181811E+03
   0.3600000000E+04  -0.2041189891E+02  -0.2041276398E+02   0.8650644253E-03   0.5746395579E+03
   0.3610000000E+04  -0.2041189890E+02  -0.2041271085E+02   0.8119529347E-03   0.5744687095E+03
   0.3620000000E+04  -0.2041189889E+02  -0.2041265806E+02   0.7591713736E-03   0.5742069719E+03
   0.3630000000E+04  -0.2041189888E+02  -0.2041260579E+02   0.7069094248E-03   0.5738559960E+03
   0.3640000000E+04  -0.2041189886E+02  -0.2041255422E+02   0.6553529973E-03   0.5734177358E+03
   0.3650000000E+04  -0.2041189885E+02  -0.2041250354E+02   0.6046837101E-03   0.5728944377E+03
   0.3660000000E+04  -0.2041189884E+02  -0.2041245392E+02   0.5550784025E-03   0.5722886277E+03
   0.3670000000E+04  -0.2041189883E+02  -0.2041240554E+02   0.5067086705E-03   0.5716030990E+03
   0.3680000000E+04  -0.2041189882E+02  -0.2041235856E+02   0.4597404278E-03   0.5708408984E+03
   0.3690000000E+04  -0.2041189881E+02  -0.2041231315E+02   0.4143334933E-03   0.5700053125E+03
   0.3700000000E+04  -0.2041189881E+02  -0.2041226945E+02   0.3706412028E-03   0.5690998536E+03
   0.3710000000E+04  -0.2041189880E+02  -0.2041222761E+02   0.3288100458E-03   0.5681282449E+03
   0.3720000000E+04  -0.2041189879E+02  -0.2041218777E+02   0.2889793259E-03   0.5670944055E+03
   0.3730000000E+04  -0.2041189878E+02  -0.2041215006E+02   0.2512808455E-03   0.5660024352E+03
   0.3740000000E+04  -0.2041189877E+02  -0.2041211461E+02   0.2158386133E-03   0.5648565989E+03
   0.3750000000E+04  -0.2041189877E+02  -0.2041208154E+02   0.1827685747E-03   0.5636613108E+03
   0.3760000000E+04  -0.2041189876E+02  -0.2041205094E+02   0.1521783646E-03   0.5624211188E+03
   0.3770000000E+04  -0.2041189876E+02  -0.2041202292E+02   0.1241670814E-03   0.5611406879E+03
   0.3780000000E+04  -0.2041189875E+02  -0.2041199758E+02   0.9882508292E-04   0.5598247848E+03
   0.3790000000E+04  -0.2041189875E+02  -0.2041197498E+02   0.7623380260E-04   0.5584782611E+03
   0.3800000000E+04  -0.2041189874E+02  -0.2041195515E+02   0.5641374786E-04   0.5571059517E+03
   0.3810000000E+04  -0.2041189879E+02  -0.2041193827E+02   0.3947905862E-04   0.5557128292E+03
   0.3820000000E+04  -0.2041189881E+02  -0.2041192435E+02   0.2554020796E-04   0.5543039968E+03
   0.3830000000E+04  -0.2041189883E+02  -0.2041191344E+02   0.1460904825E-04   0.5528845239E+03
   0.3840000000E+04  -0.2041189882E+02  -0.2041190545E+02   0.6635108021E-05   0.5514593445E+03
   0.3850000000E+04  -0.2041189887E+02  -0.2041190059E+02   0.1719934241E-05   0.5500335074E+03
   0.3860000000E+04  -0.2041189892E+02  -0.2041189892E+02   0.1810786673E-08   0.5486122351E+03
   0.3870000000E+04  -0.2041189895E+02  -0.2041190045E+02   0.1497285937E-05   0.5472007232E+03
   0.3880000000E+04  -0.2041189898E+02  -0.2041190509E+02   0.6115012036E-05   0.5458039655E+03
   0.3890000000E+04  -0.2041189901E+02  -0.2041191272E+02   0.1370923291E-04   0.5444266685E+03
   0.3900000000E+04  -0.2041189911E+02  -0.2041192338E+02   0.2426798422E-04   0.5430734712E+03
   0.3910000000E+04  -0.2041189914E+02  -0.2041193697E+02   0.3783714822E-04   0.5417490395E+03
   0.3920000000E+04  -0.2041189915E+02  -0.2041195349E+02   0.5433577178E-04   0.5404578612E+03
   0.3930000000E+04  -0.2041189920E+02  -0.2041197293E+02   0.7372453314E-04   0.5392043160E+03
   0.3940000000E+04  -0.2041189927E+02  -0.2041199524E+02   0.9596755245E-04   0.5379926816E+03
   0.3950000000E+04  -0.2041189928E+02  -0.2041202026E+02   0.1209793485E-03   0.5368270562E+03
   0.3960000000E+04  -0.2041189928E+02  -0.2041204795E+02   0.1486703300E-03   0.5357113543E+03
   0.3970000000E+04  -0.2041189929E+02  -0.2041207824E+02   0.1789505680E-03   0.5346493082E+03
   0.3980000000E+04  -0.2041189929E+02  -0.2041211102E+02   0.2117221103E-03   0.5336444579E+03
   0.3990000000E+04  -0.2041189930E+02  -0.2041214618E+02   0.2468783566E-03   0.5327001395E+03
   0.4000000000E+04  -0.2041189931E+02  -0.2041218361E+02   0.2843043725E-03   0.5318194750E+03
   0.4010000000E+04  -0.2041189932E+02  -0.2041222319E+02   0.3238771314E-03   0.5310053619E+03
   0.4020000000E+04  -0.2041189933E+02  -0.2041226479E+02   0.3654657587E-03   0.5302604639E+03
   0.4030000000E+04  -0.2041189934E+02  -0.2041230827E+02   0.4089318651E-03   0.5295872021E+03
   0.4040000000E+04  -0.2041189935E+02  -0.2041235348E+02   0.4541298262E-03   0.5289877465E+03
   0.4050000000E+04  -0.2041189936E+02  -0.2041240026E+02   0.5009071404E-03   0.5284640084E+03
   0.4060000000E+04  -0.2041189937E+02  -0.2041244847E+02   0.5491047743E-03   0.5280176337E+03
   0.4070000000E+04  -0.2041189938E+02  -0.2041249793E+02   0.5985575594E-03   0.5276499964E+03
   0.4080000000E+04  -0.2041189939E+02  -0.2041254848E+02   0.6490945928E-03   0.5273621933E+03
   0.4090000000E+04  -0.2041189940E+02  -0.2041259994E+02   0.7005396799E-03   0.5271550389E+03
   0.4100000000E+04  -0.2041189941E+02  -0.2041265212E+02   0.7527117895E-03   0.5270290617E+03
   0.4110000000E+04  -0.2041189942E+02  -0.2041270485E+02   0.8054255447E-03   0.5269845009E+03
   0.4120000000E+04  -0.2041189944E+02  -0.2041275793E+02   0.8584917324E-03   0.5270213040E+03
   0.4130000000E+04  -0.2041189945E+02  -0.2041281117E+02   0.9117178443E-03   0.5271391254E+03
   0.4140000000E+04  -0.2041189946E+02  -0.2041286437E+02   0.9649086388E-03   0.5273373257E+03
   0.4150000000E+04  -0.2041189948E+02  -0.2041291734E+02   0.1017866734E-02   0.5276149719E+03
   0.4160000000E+04  -0.2041189949E+02  -0.2041296988E+02   0.1070393219E-02   0.5279708389E+03
   0.4170000000E+04  -0.2041189950E+02  -0.2041302179E+02   0.1122288298E-02   0.5284034112E+03
   0.4180000000E+04  -0.2041189952E+02  -0.2041307287E+02   0.1173351953E-02   0.5289108864E+03
   0.4190000000E+04  -0.2041189953E+02  -0.2041312291E+02   0.1223384631E-02   0.5294911793E+03
   0.4200000000E+04  -0.2041189954E+02  -0.2041317173E+02   0.1272187950E-02   0.5301419267E+03
   0.4210000000E+04  -0.2041189955E+02  -0.2041321912E+02   0.1319565437E-02   0.5308604939E+03
   0.4220000000E+04  -0.2041189957E+02  -0.2041326489E+02   0.1365323270E-02   0.5316439817E+03
   0.4230000000E+04  -0.2041189958E+02  -0.2041330885E+02   0.1409271048E-02   0.5324892347E+03
   0.4240000000E+04  -0.2041189959E+02  -0.2041335082E+02   0.1451222573E-02   0.5333928505E+03
   0.4250000000E+04  -0.2041189960E+02  -0.2041339060E+02   0.1490996647E-02   0.5343511898E+03
   0.4260000000E+04  -0.2041189962E+02  -0.2041342803E+02   0.1528417873E-02   0.5353603884E+03
   0.4270000000E+04  -0.2041189963E+02  -0.2041346294E+02   0.1563317472E-02   0.5364163686E+03
   0.4280000000E+04  -0.2041189964E+02  -0.2041349517E+02   0.1595534102E-02   0.5375148538E+03
   0.4290000000E+04  -0.2041189965E+02  -0.2041352456E+02   0.1624914670E-02   0.5386513819E+03
   0.4300000000E+04  -0.2041189966E+02  -0.2041355097E+02   0.1651315156E-02   0.5398213213E+03
   0.4310000000E+04  -0.2041189967E+02  -0.2041357427E+02   0.1674601416E-02   0.5410198872E+03
   0.4320000000E+04  -0.2041189968E+02  -0.2041359433E+02   0.1694649978E-02   0.5422421590E+03
   0.4330000000E+04  -0.2041189968E+02  -0.2041361103E+02   0.1711348831E-02   0.5434830983E+03
   0.4340000000E+04  -0.2041189969E+02  -0.2041362429E+02   0.1724598175E-02   0.5447375681E+03
   0.4350000000E+04  -0.2041189970E+02  -0.2041363401E+02   0.1734311163E-02   0.5460003530E+03
   0.4360000000E+04  -0.2041189970E+02  -0.2041364012E+02   0.1740414601E-02   0.5472661792E+03
   0.4370000000E+04  -0.2041189970E+02  -0.2041364255E+02   0.1742849612E-02   0.5485297364E+03
   0.4380000000E+04  -0.2041189971E+02  -0.2041364128E+02   0.1741572260E-02   0.5497856995E+03
   0.4390000000E+04  -0.2041189971E+02  -0.2041363626E+02   0.1736554127E-02   0.5510287509E+03
   0.4400000000E+04  -0.2041189971E+02  -0.2041362749E+02   0.1727782828E-02   0.5522536036E+03
   0.4410000000E+04  -0.2041189971E+02  -0.2041361497E+02   0.1715262472E-02   0.5534550241E+03
   0.4420000000E+04  -0.2041189971E+02  -0.2041359872E+02   0.1699014055E-02   0.5546278563E+03
   0.4430000000E+04  -0.2041189971E+02  -0.2041357878E+02   0.1679075780E-02   0.5557670450E+03
   0.4440000000E+04  -0.2041189970E+02  -0.2041355521E+02   0.1655503296E-02   0.5568676591E+03
   0.4450000000E+04  -0.2041189970E+02  -0.2041352807E+02   0.1628369862E-02   0.5579249156E+03
   0.4460000000E+04  -0.2041189969E+02  -0.2041349746E+02   0.1597766410E-02   0.5589342029E+03
   0.4470000000E+04  -0.2041189969E+02  -0.2041346349E+02   0.1563801527E-02   0.5598911034E+03
   0.4480000000E+04  -0.2041189968E+02  -0.2041342628E+02   0.1526601326E-02   0.5607914166E+03
   0.4490000000E+04  -0.2041189967E+02  -0.2041338598E+02   0.1486309228E-02   0.5616311802E+03
   0.4500000000E+04  -0.2041189966E+02  -0.2041334275E+02   0.1443085627E-02   0.5624066920E+03
   0.4510000000E+04  -0.2041189965E+02  -0.2041329676E+02   0.1397107454E-02   0.5631145296E+03
   0.4520000000E+04  -0.2041189964E+02  -0.2041324821E+02   0.1348567626E-02   0.5637515699E+03
   0.4530000000E+04  -0.2041189963E+02  -0.2041319730E+02   0.1297674390E-02   0.5643150067E+03
   0.4540000000E+04  -0.2041189961E+02  -0.2041314426E+02   0.1244650551E-02   0.5648023682E+03
   0.4550000000E+04  -0.2041189960E+02  -0.2041308933E+02   0.1189732587E-02   0.5652115314E+03
   0.4560000000E+04  -0.2041189958E+02  -0.2041303275E+02   0.1133169660E-02   0.5655407364E+03
   0.4570000000E+04  -0.2041189957E+02  -0.2041297479E+02   0.1075222517E-02   0.5657885983E+03
   0.4580000000E+04  -0.2041189955E+02  -0.2041291571E+02   0.1016162288E-02   0.5659541170E+03
   0.4590000000E+04  -0.2041189953E+02  -0.2041285580E+02   0.9562691914E-03   0.5660366863E+03
   0.4600000000E+04  -0.2041189951E+02  -0.2041279535E+02   0.8958311363E-03   0.5660360992E+03
   0.4610000000E+04  -0.2041189950E+02  -0.2041273464E+02   0.8351422501E-03   0.5659525529E+03
   0.4620000000E+04  -0.2041189948E+02  -0.2041267398E+02   0.7745013242E-03   0.5657866504E+03
   0.4630000000E+04  -0.2041189946E+02  -0.2041261367E+02   0.7142101916E-03   0.5655394002E+03
   0.4640000000E+04  -0.2041189944E+02  -0.2041255401E+02   0.6545720481E-03   0.5652122140E+03
   0.4650000000E+04  -0.2041189942E+02  -0.2041249531E+02   0.5958897253E-03   0.5648069018E+03
   0.4660000000E+04  -0.2041189940E+02  -0.2041243787E+02   0.5384639292E-03   0.5643256649E+03
   0.4670000000E+04  -0.2041189939E+02  -0.2041238198E+02   0.4825914565E-03   0.5637710860E+03
   0.4680000000E+04  -0.2041189937E+02  -0.2041232793E+02   0.4285634009E-03   0.5631461179E+03
   0.4690000000E+04  -0.2041189935E+02  -0.2041227602E+02   0.3766633650E-03   0.5624540696E+03
   0.4700000000E+04  -0.2041189934E+02  -0.2041222650E+02   0.3271656902E-03   0.5616985894E+03
   0.4710000000E+04  -0.2041189932E+02  -0.2041217965E+02   0.2803337196E-03   0.5608836474E+03
   0.4720000000E+04  -0.2041189931E+02  -0.2041213572E+02   0.2364181094E-03   0.5600135147E+03
   0.4730000000E+04  -0.2041189929E+02  -0.2041209495E+02   0.1956552010E-03   0.5590927413E+03
   0.4740000000E+04  -0.2041189928E+02  -0.2041205755E+02   0.1582654698E-03   0.5581261318E+03
   0.4750000000E+04  -0.2041189927E+02  -0.2041202372E+02   0.1244520637E-03   0.5571187203E+03
   0.4760000000E+04  -0.2041189926E+02  -0.2041199366E+02   0.9439944409E-04   0.5560757426E+03
   0.4770000000E+04  -0.2041189925E+02  -0.2041196752E+02   0.6827214247E-04   0.5550026084E+03
   0.4780000000E+04  -0.2041189924E+02  -0.2041194541E+02   0.4616949539E-04   0.5539048128E+03
   0.4790000000E+04  -0.2041189928E+02  -0.2041192754E+02   0.2826332022E-04   0.5527880316E+03
   0.4800000000E+04  -0.2041189930E+02  -0.2041191400E+02   0.1469804935E-04   0.5516580827E+03
   0.4810000000E+04  -0.2041189929E+02  -0.2041190474E+02   0.5453660841E-05   0.5505207097E+03
   0.4820000000E+04  -0.2041189934E+02  -0.2041190001E+02   0.6714582447E-06   0.5493817932E+03
   0.4830000000E+04  -0.2041189938E+02  -0.2041189987E+02   0.4871012241E-06   0.5482473425E+03
   0.4840000000E+04  -0.2041189940E+02  -0.2041190426E+02   0.4858394174E-05   0.5471232621E+03
   0.4850000000E+04  -0.2041189943E+02  -0.2041191305E+02   0.1361447443E-04   0.5460151860E+03
   0.4860000000E+04  -0.2041189952E+02  -0.2041192619E+02   0.2666758039E-04   0.5449285881E+03
   0.4870000000E+04  -0.2041189955E+02  -0.2041194357E+02   0.4402363715E-04   0.5438689052E+03
   0.4880000000E+04  -0.2041189957E+02  -0.2041196513E+02   0.6556030057E-04   0.5428413714E+03
   0.4890000000E+04  -0.2041189969E+02  -0.2041199088E+02   0.9118921322E-04   0.5418510644E+03
   0.4900000000E+04  -0.2041189971E+02  -0.2041202050E+02   0.1207929952E-03   0.5409028695E+03
   0.4910000000E+04  -0.2041189972E+02  -0.2041205389E+02   0.1541768555E-03   0.5400013821E+03
   0.4920000000E+04  -0.2041189973E+02  -0.2041209089E+02   0.1911579513E-03   0.5391509262E+03
   0.4930000000E+04  -0.2041189974E+02  -0.2041213128E+02   0.2315353643E-03   0.5383555340E+03
   0.4940000000E+04  -0.2041189976E+02  -0.2041217485E+02   0.2750905710E-03   0.5376189261E+03
   0.4950000000E+04  -0.2041189977E+02  -0.2041222136E+02   0.3215890596E-03   0.5369444947E+03
   0.4960000000E+04  -0.2041189979E+02  -0.2041227057E+02   0.3707818161E-03   0.5363352883E+03
   0.4970000000E+04  -0.2041189981E+02  -0.2041232221E+02   0.4224069220E-03   0.5357939984E+03
   0.4980000000E+04  -0.2041189982E+02  -0.2041237602E+02   0.4761912936E-03   0.5353229496E+03
   0.4990000000E+04  -0.2041189984E+02  -0.2041243170E+02   0.5318523690E-03   0.5349240911E+03
   0.5000000000E+04  -0.2041189986E+02  -0.2041248896E+02   0.5890999095E-03   0.5345989903E+03
